**********************************
DTU - OS Challenge - Client v0.20
**********************************
Total requests: 500
Start: Random
Difficulty: 30000000
Repetition probability (%): 20
Request delay (us): 600000
Priority enabled - lambda: 1.50

[1 2534080848504833637 2534080848504833637 1] 5748320
[1 734592446513182065 734592446513182065 2] 5184608
[1 144573006434803742 144573006434803742 1] 7115666
[1 2362446847867864768 2362446847867864768 1] 7050163
[1 2793302479550237922 2793302479550237922 1] 6917009
[1 2362446847867864768 2362446847867864768 1] 508
[1 7579227685816234595 7579227685816234595 3] 9553541
[1 4402948556259363451 4402948556259363451 1] 10325692
[1 734592446513182065 734592446513182065 2] 10359389
[1 775798024421069700 775798024421069700 1] 9093278
[1 1511323233739817806 1511323233739817806 1] 11645395
[1 734592446513182065 734592446513182065 1] 12964788
[1 2534080848504833637 2534080848504833637 3] 1061
[1 4325101186680591916 4325101186680591916 1] 15283474
[1 2362446847867864768 2362446847867864768 1] 14865398
[1 7413609510133063015 7413609510133063015 1] 13765176
[1 4539981729959298355 4539981729959298355 1] 15212959
[1 194901708358462687 194901708358462687 1] 15302279
[1 2362446847867864768 2362446847867864768 1] 544
[1 6427445919344566720 6427445919344566720 1] 16961231
[1 6481588027008507250 6481588027008507250 1] 16379791
[1 194901708358462687 194901708358462687 1] 1071
[1 8813438948783652661 8813438948783652661 1] 20727307
[1 2423815736635418286 2423815736635418286 1] 20140626
[1 65281072076987413 65281072076987413 1] 20762025
[1 1504946346371376639 1504946346371376639 2] 17475559
[1 5546712864438187884 5546712864438187884 2] 22025113
[1 5546712864438187884 5546712864438187884 1] 417
[1 3118897387058355560 3118897387058355560 2] 21217062
[1 3826047074646187463 3826047074646187463 1] 24106058
[1 2423815736635418286 2423815736635418286 1] 24236282
[1 9063614686281648555 9063614686281648555 1] 26304738
[1 7457640055946008668 7457640055946008668 1] 27097132
[1 6224901217148171972 6224901217148171972 1] 27430137
[1 2404287123253513670 2404287123253513670 1] 26612617
[1 7120628415427462898 7120628415427462898 1] 28323561
[1 6184224123268371659 6184224123268371659 5] 29003250
[1 7056397236067230492 7056397236067230492 3] 29673302
[1 4881638827078685502 4881638827078685502 2] 29237317
[1 65281072076987413 65281072076987413 1] 31832278
[1 5082294164254468326 5082294164254468326 1] 32470622
[1 2362446847867864768 2362446847867864768 2] 438
[1 4475106793237928676 4475106793237928676 1] 31468960
[1 3604631005327317358 3604631005327317358 1] 35003181
[1 3152585022778420104 3152585022778420104 3] 34165559
[1 8813438948783652661 8813438948783652661 1] 36168341
[1 2024667237626825566 2024667237626825566 1] 35971802
[1 5853151758892767402 5853151758892767402 2] 36915304
[1 1755710550109762647 1755710550109762647 1] 35859104
[1 543933806449348227 543933806449348227 3] 36078280
[1 6481617086072149703 6481617086072149703 1] 34939236
[1 8469120784247382523 8469120784247382523 2] 34375423
[1 1867263731343969693 1867263731343969693 1] 35026761
[1 6224901217148171972 6224901217148171972 1] 39345576
[1 8412094805934371413 8412094805934371413 1] 37298593
[1 3826047074646187463 3826047074646187463 1] 41727953
[1 3990301012644747093 3990301012644747093 1] 38387307
[1 4238356272867122178 4238356272867122178 1] 36752868
[1 6481588027008507250 6481588027008507250 1] 477
[1 3322115445419574041 3322115445419574041 1] 37322929
[1 4568262719152854072 4568262719152854072 1] 41271469
[1 2034601758941119156 2034601758941119156 1] 37306374
[1 6677788738934613478 6677788738934613478 1] 42017128
[1 2041583049155452133 2041583049155452133 1] 38280470
[1 188298230885325765 188298230885325765 1] 41174611
[1 734592446513182065 734592446513182065 1] 497
[1 6488079815406579091 6488079815406579091 2] 42321592
[1 3274168525665820313 3274168525665820313 1] 39971688
[1 6149652210555691411 6149652210555691411 1] 38170940
[1 7192606909766198139 7192606909766198139 2] 39564268
[1 4387800982861812278 4387800982861812278 1] 38102322
[1 299017200798257185 299017200798257185 1] 38726506
[1 8959350751557039550 8959350751557039550 1] 41553620
[1 1691493319748746388 1691493319748746388 1] 44193200
[1 7192606909766198139 7192606909766198139 1] 496
[1 6459227495295035902 6459227495295035902 2] 43835214
[1 5546712864438187884 5546712864438187884 2] 464
[1 830539103387696557 830539103387696557 1] 42608581
[1 6423505784789735895 6423505784789735895 2] 44121687
[1 6143266650014896614 6143266650014896614 2] 46466435
[1 7056397236067230492 7056397236067230492 1] 491
[1 7486420996130192751 7486420996130192751 1] 45593002
[1 6149652210555691411 6149652210555691411 1] 10788
[1 4783208449973014378 4783208449973014378 1] 46364191
[1 9003525225793406809 9003525225793406809 1] 46358061
[1 1368790009816293228 1368790009816293228 1] 49166771
[1 4889044544488955645 4889044544488955645 1] 49859599
[1 188298230885325765 188298230885325765 1] 49162971
[1 4063616305869320469 4063616305869320469 1] 49887763
[1 5014386525507742238 5014386525507742238 1] 49629250
[1 1754341443584370596 1754341443584370596 1] 52476653
[1 1202761757499872340 1202761757499872340 1] 52413827
[1 1643096707707766227 1643096707707766227 1] 53868367
[1 2016187078435865310 2016187078435865310 1] 50819597
[1 6481588027008507250 6481588027008507250 2] 635
[1 4571494471588410399 4571494471588410399 1] 54045863
[1 1623711085914951513 1623711085914951513 1] 54456418
[1 734592446513182065 734592446513182065 2] 583
[1 2899810306460920575 2899810306460920575 1] 56335700
[1 6522882028041492777 6522882028041492777 1] 53332721
[1 5117259440023367980 5117259440023367980 1] 54374257
[1 1504946346371376639 1504946346371376639 1] 716
[1 7648070865145929565 7648070865145929565 2] 56313791
[1 2041583049155452133 2041583049155452133 1] 53999738
[1 4625117666449960784 4625117666449960784 1] 57408609
[1 973789200653990917 973789200653990917 1] 54425786
[1 7332313593179142680 7332313593179142680 1] 53199630
[1 1636651290226904642 1636651290226904642 2] 53112558
[1 1719904128257064834 1719904128257064834 1] 56042945
[1 437485833847434610 437485833847434610 1] 55524759
[1 2362446847867864768 2362446847867864768 1] 3592
[1 5052597226054880269 5052597226054880269 1] 53517925
[1 3528843856380800455 3528843856380800455 1] 56184056
[1 6423505784789735895 6423505784789735895 1] 2896
[1 4578859820317211203 4578859820317211203 1] 54042867
[1 5324807480767963583 5324807480767963583 1] 53407012
[1 1423594309140718664 1423594309140718664 1] 55006656
[1 3056935101947936321 3056935101947936321 1] 56870957
[1 4209816133465409377 4209816133465409377 1] 57908339
[1 6621214734279361053 6621214734279361053 1] 53930655
[1 6423505784789735895 6423505784789735895 1] 517
[1 2404287123253513670 2404287123253513670 1] 595
[1 5736506011685513855 5736506011685513855 1] 55547929
[1 7083445861159801740 7083445861159801740 2] 56901667
[1 6594731957669765800 6594731957669765800 1] 58568334
[1 3986562849388276295 3986562849388276295 1] 58792405
[1 2484143475827320018 2484143475827320018 1] 57425797
[1 2707865817758435094 2707865817758435094 2] 59222759
[1 640355413593647557 640355413593647557 1] 57621967
[1 452426792638252267 452426792638252267 1] 56741044
[1 1644736183561893619 1644736183561893619 1] 56377428
[1 5473673147457920244 5473673147457920244 1] 55837625
[1 2133008165340658745 2133008165340658745 2] 60629978
[1 8412781360620923179 8412781360620923179 1] 60180185
[1 8702737910597480321 8702737910597480321 1] 57457456
[1 7333774302736409712 7333774302736409712 1] 55271857
[1 3479178647540675 3479178647540675 1] 57204068
[1 2961708466183274113 2961708466183274113 1] 59047472
[1 2759567550678525695 2759567550678525695 1] 57652783
[1 1368790009816293228 1368790009816293228 1] 61369715
[1 6055407793846710881 6055407793846710881 1] 62578358
[1 2041583049155452133 2041583049155452133 1] 635
[1 4691797828371083882 4691797828371083882 1] 58849370
[1 5176237346285668561 5176237346285668561 1] 60140957
[1 7158620314122222797 7158620314122222797 1] 59584328
[1 7110941327427811963 7110941327427811963 1] 60873383
[1 7706805436886922124 7706805436886922124 2] 60380997
[1 1867263731343969693 1867263731343969693 3] 563
[1 679668748513524537 679668748513524537 1] 64328981
[1 3020197751155015731 3020197751155015731 1] 59677506
[1 6488079815406579091 6488079815406579091 1] 637
[1 7120628415427462898 7120628415427462898 1] 597
[1 530152528428158153 530152528428158153 1] 61967526
[1 8247772754584940318 8247772754584940318 2] 60866978
[1 299017200798257185 299017200798257185 1] 624
[1 1202761757499872340 1202761757499872340 1] 64560196
[1 2133008165340658745 2133008165340658745 1] 575
[1 3591483698894380682 3591483698894380682 1] 60387577
[1 3826047074646187463 3826047074646187463 3] 1026
[1 2667704554060079793 2667704554060079793 1] 64020631
[1 2957636182858896333 2957636182858896333 2] 65933050
[1 7245315310219989943 7245315310219989943 1] 61875385
[1 2323980267231403843 2323980267231403843 1] 62873355
[1 8440570705697865874 8440570705697865874 1] 63610636
[1 1768727318966947693 1768727318966947693 1] 65927662
[1 2423815736635418286 2423815736635418286 1] 4072
[1 1688850359566875913 1688850359566875913 1] 64706844
[1 5014386525507742238 5014386525507742238 2] 659
[1 2563537891305446661 2563537891305446661 1] 61977181
[1 2235922858539825506 2235922858539825506 2] 63663044
[1 4691756201951388191 4691756201951388191 2] 65851185
[1 7981168371649140750 7981168371649140750 1] 64175814
[1 6066106939692475731 6066106939692475731 1] 66516944
[1 4691797828371083882 4691797828371083882 1] 550
[1 3152585022778420104 3152585022778420104 1] 635
[1 5669426629233161698 5669426629233161698 2] 65821042
[1 2615394154833410180 2615394154833410180 2] 67566406
[1 5014386525507742238 5014386525507742238 1] 66174391
[1 410608344853378961 410608344853378961 1] 68906031
[1 8995744019898056167 8995744019898056167 2] 65908204
[1 5725871939025734469 5725871939025734469 1] 70209687
[1 7110941327427811963 7110941327427811963 1] 69295446
[1 3083784089075866630 3083784089075866630 1] 70800746
[1 5713795303067392837 5713795303067392837 1] 71435301
[1 4510541111714514722 4510541111714514722 1] 73663374
[1 25427740488377879 25427740488377879 1] 72930947
[1 7959351501206635075 7959351501206635075 1] 71158191
[1 88656058469450104 88656058469450104 1] 72705898
[1 3479178647540675 3479178647540675 1] 72149143
[1 6326565546618157095 6326565546618157095 1] 73807942
[1 6186662527931605646 6186662527931605646 1] 73486749
[1 1978023411655590551 1978023411655590551 2] 75349505
[1 878321853308119927 878321853308119927 1] 74011899
[1 2951302292927883595 2951302292927883595 2] 74261539
[1 5473673147457920244 5473673147457920244 2] 868
[1 6395973630409952388 6395973630409952388 1] 78039853
[1 299017200798257185 299017200798257185 1] 595
[1 7100115956698684273 7100115956698684273 1] 79944222
[1 988160916272038329 988160916272038329 1] 79136621
[1 7720741887896933514 7720741887896933514 1] 79881199
[1 6205895507568252281 6205895507568252281 1] 81033777
[1 9005756381983941198 9005756381983941198 2] 78634679
[1 242630997870908240 242630997870908240 1] 81848274
[1 2362446847867864768 2362446847867864768 1] 3697
[1 299017200798257185 299017200798257185 1] 781
[1 4163859357572880609 4163859357572880609 2] 81551611
[1 1786797960415602363 1786797960415602363 1] 83714511
[1 5714036118562183164 5714036118562183164 1] 83424839
[1 6209632935000529379 6209632935000529379 1] 83244601
[1 6181441921403116218 6181441921403116218 1] 82700324
[1 8564099665671196488 8564099665671196488 1] 81031224
[1 8809647106421131765 8809647106421131765 1] 84084465
[1 5176237346285668561 5176237346285668561 2] 85207188
[1 6925495995205485527 6925495995205485527 1] 79858745
[1 4691797828371083882 4691797828371083882 1] 530
[1 6205895507568252281 6205895507568252281 2] 744
[1 2235922858539825506 2235922858539825506 2] 85136059
[1 194901708358462687 194901708358462687 2] 602
[1 7720741887896933514 7720741887896933514 1] 85021209
[1 2372462708566917683 2372462708566917683 1] 81979665
[1 1382217281421510153 1382217281421510153 1] 83995836
[1 5817082888557953243 5817082888557953243 1] 81719834
[1 543933806449348227 543933806449348227 1] 509
[1 2041583049155452133 2041583049155452133 1] 456
[1 8563765941803923471 8563765941803923471 1] 81695934
[1 5461490872532999296 5461490872532999296 1] 87487424
[1 8041029694233392263 8041029694233392263 1] 85897082
[1 65281072076987413 65281072076987413 1] 495
[1 500671477540433317 500671477540433317 1] 81311803
[1 3353633611168371839 3353633611168371839 1] 83987386
[1 2608619040719086023 2608619040719086023 3] 81072854
[1 7324426078548096937 7324426078548096937 1] 84048492
[1 6604409028890398458 6604409028890398458 1] 87313852
[1 7510828775444520032 7510828775444520032 2] 88751037
[1 5874308926547513054 5874308926547513054 1] 85100206
[1 3118897387058355560 3118897387058355560 1] 479
[1 988160916272038329 988160916272038329 1] 88034684
[1 2450391230438655829 2450391230438655829 2] 85114328
[1 4484334342182807094 4484334342182807094 1] 88417271
[1 2493455707987002135 2493455707987002135 1] 89793293
[1 2902775518149563928 2902775518149563928 1] 89442392
[1 4484334342182807094 4484334342182807094 1] 88945996
[1 1269328546397533139 1269328546397533139 2] 88458806
[1 276888136506025886 276888136506025886 2] 86130873
[1 6703236880448854912 6703236880448854912 1] 85987489
[1 3974662310833503936 3974662310833503936 1] 88189609
[1 5546712864438187884 5546712864438187884 2] 625
[1 1561759295924222778 1561759295924222778 1] 86819058
[1 4820322273056665644 4820322273056665644 2] 86368743
[1 6703236880448854912 6703236880448854912 1] 8556
[1 3886006343053199902 3886006343053199902 2] 90981567
[1 203360083600135 203360083600135 1] 92127920
[1 2293484174238985569 2293484174238985569 1] 88817744
[1 8334537738724480724 8334537738724480724 1] 93046672
[1 188298230885325765 188298230885325765 1] 8036
[1 3696240554012026355 3696240554012026355 2] 90810553
[1 8252111918419446115 8252111918419446115 2] 90572487
[1 8041029694233392263 8041029694233392263 1] 6387
[1 4797939815326154120 4797939815326154120 1] 91746565
[1 988160916272038329 988160916272038329 1] 4548
[1 4384589494785995572 4384589494785995572 1] 90531465
[1 6177450513648811962 6177450513648811962 1] 93656411
[1 4384589494785995572 4384589494785995572 1] 564
[1 3138865914211987353 3138865914211987353 1] 88974519
[1 2607819402521596392 2607819402521596392 1] 96038534
[1 6739269202183663694 6739269202183663694 1] 94509167
[1 2793302479550237922 2793302479550237922 1] 8590
[1 5683827663076204202 5683827663076204202 1] 94555352
[1 8323076437721295431 8323076437721295431 1] 94093115
[1 4252224425837930793 4252224425837930793 2] 95960954
[1 4425898825351802169 4425898825351802169 1] 95658490
[1 6419016279972728470 6419016279972728470 1] 94588807
[1 2976705648500278632 2976705648500278632 1] 96544177
[1 4733706822608317943 4733706822608317943 1] 94848725
[1 8241663919943639456 8241663919943639456 2] 93692308
[1 5450699390666749467 5450699390666749467 2] 97393786
[1 4510541111714514722 4510541111714514722 1] 4357
[1 5241294535549771651 5241294535549771651 1] 96383262
[1 1884956663311175979 1884956663311175979 1] 95982792
[1 7368996169136332484 7368996169136332484 1] 100536892
[1 1678276299793924385 1678276299793924385 1] 96135410
[1 1854585463930301578 1854585463930301578 2] 97386964
[1 1304777749071274024 1304777749071274024 1] 96892150
[1 1924337394457498805 1924337394457498805 1] 94822681
[1 223440886057325973 223440886057325973 1] 96217049
[1 4418402178925663952 4418402178925663952 1] 96108969
[1 4406391457682319264 4406391457682319264 1] 95232783
[1 7209400215156338394 7209400215156338394 1] 100576917
[1 4222454969874026056 4222454969874026056 1] 102358843
[1 7299155276803035682 7299155276803035682 2] 98808811
[1 4500479876494902112 4500479876494902112 1] 100978411
[1 3598152335177071450 3598152335177071450 1] 100701925
[1 4027925441411345145 4027925441411345145 1] 100184127
[1 689675894688195993 689675894688195993 3] 102476083
[1 6262913009910473627 6262913009910473627 2] 100259714
[1 3000089680693884276 3000089680693884276 1] 100045868
[1 7869124646731260012 7869124646731260012 1] 100812819
[1 2835083123487432119 2835083123487432119 1] 104146293
[1 3623210729123536364 3623210729123536364 1] 100903819
[1 5024005365786298224 5024005365786298224 1] 100838117
[1 3056935101947936321 3056935101947936321 1] 598
[1 7368996169136332484 7368996169136332484 1] 105218693
[1 5052597226054880269 5052597226054880269 1] 571
[1 4015823473805546899 4015823473805546899 5] 102010139
[1 7564496488149924340 7564496488149924340 1] 105474102
[1 2827089930206818739 2827089930206818739 1] 105271230
[1 7110941327427811963 7110941327427811963 3] 823
[1 6226373918551262700 6226373918551262700 1] 105141997
[1 6363021835326843386 6363021835326843386 2] 106456048
[1 7179133576396330540 7179133576396330540 1] 106416793
[1 6066106939692475731 6066106939692475731 1] 972
[1 2157580786496160311 2157580786496160311 1] 105317633
[1 8323076437721295431 8323076437721295431 1] 108150067
[1 4915037906597823323 4915037906597823323 2] 109900802
[1 1368790009816293228 1368790009816293228 1] 606
[1 3124105503555707103 3124105503555707103 1] 109823700
[1 2024667237626825566 2024667237626825566 1] 928
[1 349380747702939018 349380747702939018 1] 108114932
[1 2227581384246786948 2227581384246786948 2] 108604872
[1 6213734397409716068 6213734397409716068 1] 109976369
[1 1454450557457318903 1454450557457318903 1] 111376574
[1 5817082888557953243 5817082888557953243 1] 817
[1 5500881474334741535 5500881474334741535 1] 112953021
[1 9183589395669793795 9183589395669793795 3] 110949243
[1 9169583293910868445 9169583293910868445 2] 112176328
[1 4027925441411345145 4027925441411345145 1] 570
[1 3214214179010442975 3214214179010442975 1] 111829620
[1 1593626704767875777 1593626704767875777 1] 111393804
[1 59732288773997284 59732288773997284 1] 112706743
[1 8630570987576487364 8630570987576487364 2] 113090902
[1 1553351868169198524 1553351868169198524 1] 116300604
[1 8893467400613295245 8893467400613295245 1] 115505364
[1 625752405965824007 625752405965824007 1] 114464761
[1 1202761757499872340 1202761757499872340 1] 568
[1 2140556533628101617 2140556533628101617 1] 116312741
[1 6970694805512411920 6970694805512411920 1] 116227154
[1 2486595304839889068 2486595304839889068 1] 119291367
[1 4026086645963848132 4026086645963848132 2] 115696087
[1 229896673213272955 229896673213272955 1] 117136131
[1 8016351889049416839 8016351889049416839 1] 115654592
[1 8202655399220147698 8202655399220147698 1] 119683958
[1 3085979894660728460 3085979894660728460 1] 119506151
[1 8975326870130194698 8975326870130194698 3] 118215967
[1 3551412392854034839 3551412392854034839 1] 116780605
[1 1725622992376502676 1725622992376502676 1] 117130088
[1 5297166931528432832 5297166931528432832 1] 116701244
[1 7747829096060162138 7747829096060162138 2] 122154759
[1 7510828775444520032 7510828775444520032 1] 122617952
[1 2036623190647379945 2036623190647379945 1] 118355281
[1 6739269202183663694 6739269202183663694 1] 122768534
[1 2001166196017553488 2001166196017553488 1] 121674913
[1 1884956663311175979 1884956663311175979 1] 120525275
[1 851669798651112196 851669798651112196 1] 124215759
[1 5500881474334741535 5500881474334741535 1] 123648106
[1 9151380673007977908 9151380673007977908 1] 123560389
[1 7517452838639578111 7517452838639578111 1] 125916821
[1 4507991751251991033 4507991751251991033 2] 123918155
[1 1614412163847339262 1614412163847339262 1] 126481724
[1 5107134308154167798 5107134308154167798 1] 123215827
[1 5755401317025159328 5755401317025159328 2] 128803909
[1 3437416573735018505 3437416573735018505 3] 127049490
[1 5241294535549771651 5241294535549771651 1] 125156160
[1 6185917551594629304 6185917551594629304 2] 124349938
[1 9155751192519472533 9155751192519472533 2] 123252011
[1 7299155276803035682 7299155276803035682 1] 126855491
[1 1722029683006977194 1722029683006977194 1] 123388819
[1 2618618167630672639 2618618167630672639 1] 124827106
[1 9159754158668839195 9159754158668839195 1] 124064796
[1 4099148554325651570 4099148554325651570 1] 126153848
[1 3238343641129302562 3238343641129302562 1] 123841996
[1 3050426382748096295 3050426382748096295 1] 123410506
[1 6193892421126438851 6193892421126438851 1] 128131634
[1 5229046199357839544 5229046199357839544 1] 129620202
[1 48832448058756721 48832448058756721 1] 128459577
[1 1360065137967046495 1360065137967046495 1] 126257055
[1 4788619936662578573 4788619936662578573 1] 125863041
[1 6634139786050018099 6634139786050018099 2] 128032309
[1 6068184192940086614 6068184192940086614 1] 124259464
[1 2876673555300728176 2876673555300728176 1] 125211195
[1 3825484426898516968 3825484426898516968 1] 127219986
[1 7994315882091944877 7994315882091944877 1] 125305677
[1 8431229861670639890 8431229861670639890 2] 128974762
[1 2011507969556361442 2011507969556361442 3] 126784393
[1 2864272377452065603 2864272377452065603 1] 125346096
[1 4797967690028934828 4797967690028934828 1] 128845861
[1 3323917135184132368 3323917135184132368 1] 127141167
[1 5354268917699786618 5354268917699786618 3] 128878269
[1 4796486870859907895 4796486870859907895 2] 132243798
[1 5485601491826763989 5485601491826763989 1] 131719712
[1 849028205199832660 849028205199832660 1] 130966358
[1 8076977809448368124 8076977809448368124 1] 131828248
[1 2064283110255756181 2064283110255756181 1] 130651949
[1 5986129245866449318 5986129245866449318 2] 131892031
[1 7142060684707465094 7142060684707465094 1] 135091304
[1 2205165417162652025 2205165417162652025 1] 134664698
[1 2120424062882406441 2120424062882406441 1] 134529261
[1 1595216937875681042 1595216937875681042 1] 132987902
[1 9103212061064693684 9103212061064693684 1] 137662939
[1 2424978053906544983 2424978053906544983 2] 136272565
[1 4883405915094461300 4883405915094461300 1] 132873273
[1 2022627511747153027 2022627511747153027 1] 133713198
[1 8000834349983649866 8000834349983649866 1] 131350116
[1 6823946754451631503 6823946754451631503 2] 132743120
[1 4592078462031078872 4592078462031078872 1] 139025594
[1 1424369261892339430 1424369261892339430 1] 133491930
[1 6852174564495416637 6852174564495416637 1] 134009539
[1 8700691002382498920 8700691002382498920 2] 135543189
[1 4844949585521619135 4844949585521619135 1] 137154873
[1 8049069275503338697 8049069275503338697 1] 133511752
[1 4875544784048692535 4875544784048692535 1] 139877597
[1 701494828689885731 701494828689885731 1] 136130514
[1 9022785980070915029 9022785980070915029 1] 137518783
[1 8821501642743306362 8821501642743306362 1] 136713504
[1 7142060684707465094 7142060684707465094 1] 140952098
[1 6998821099070004528 6998821099070004528 1] 137034443
[1 6952490968568682087 6952490968568682087 3] 140681878
[1 4830545170749636423 4830545170749636423 1] 139649112
[1 2198995162393314789 2198995162393314789 1] 139729740
[1 4844949585521619135 4844949585521619135 2] 142289621
[1 4288892856806979704 4288892856806979704 1] 142080763
[1 4015823473805546899 4015823473805546899 4] 140756224
[1 5631751142733051896 5631751142733051896 1] 144419345
[1 8435826721278301564 8435826721278301564 1] 142515574
[1 2709647364889915335 2709647364889915335 1] 144417693
[1 8085813531550349624 8085813531550349624 1] 146494395
[1 6561925948977092120 6561925948977092120 1] 146137951
[1 3627835602481942037 3627835602481942037 1] 143409963
[1 6130285853796231840 6130285853796231840 1] 146169975
[1 7417242198367371556 7417242198367371556 1] 145203562
[1 3630819551911263507 3630819551911263507 1] 145780416
[1 7429286906279962938 7429286906279962938 1] 147624030
[1 2331712595250935370 2331712595250935370 2] 148422355
[1 7389112309294576947 7389112309294576947 1] 144942248
[1 3598152335177071450 3598152335177071450 1] 148206099
[1 7748286944495210337 7748286944495210337 1] 147970384
[1 7666600720089571738 7666600720089571738 1] 146625684
[1 731528610936587692 731528610936587692 1] 147458488
[1 925489951527172442 925489951527172442 2] 149298576
[1 8202655399220147698 8202655399220147698 1] 151893363
[1 553647227764677031 553647227764677031 1] 150411545
[1 6371807650002478135 6371807650002478135 1] 148615403
[1 5425516575798474589 5425516575798474589 1] 151067487
[1 9093069635974834502 9093069635974834502 1] 152070306
[1 2835083123487432119 2835083123487432119 1] 152715183
[1 3802630639766380902 3802630639766380902 1] 153743474
[1 6848931212267917758 6848931212267917758 1] 153940001
[1 8695833067122986974 8695833067122986974 1] 155540523
[1 3270894045819665068 3270894045819665068 1] 154102455
[1 5150142070296594151 5150142070296594151 1] 156983098
[1 4829806834806069095 4829806834806069095 1] 155512373
[1 2119836625889007683 2119836625889007683 1] 156262047
[1 6432042097056548521 6432042097056548521 2] 160302784
[1 8881303685028862752 8881303685028862752 1] 157538625
[1 8211504703302327976 8211504703302327976 1] 159171642
[1 297235643465463964 297235643465463964 1] 158049723
[1 1621348943214056335 1621348943214056335 1] 157506630
[1 3242396995744804275 3242396995744804275 1] 159881737
[1 711455819273820196 711455819273820196 3] 158140664
[1 8629128849052958505 8629128849052958505 1] 162103421
[1 1484018877497371275 1484018877497371275 1] 158902655
[1 1355927245067212915 1355927245067212915 1] 162530974
[1 7371073606673973570 7371073606673973570 1] 158358365
[1 977087498677857140 977087498677857140 1] 161416762
[1 2203571038549539961 2203571038549539961 1] 159339131
[1 5936183028726751227 5936183028726751227 1] 163679775
[1 2707595407263261625 2707595407263261625 1] 162169242
[1 2962545965813180974 2962545965813180974 2] 161067772
[1 4083624127542346505 4083624127542346505 1] 164929406
[1 3802630639766380902 3802630639766380902 1] 165208494
[1 2399306794801506202 2399306794801506202 1] 165648159
[1 1462016017418150047 1462016017418150047 1] 165941693
[1 5176163379549967172 5176163379549967172 1] 166270746
[1 3005566175882605799 3005566175882605799 1] 169671820
[1 8231282189211272819 8231282189211272819 1] 169637934
[1 4234631196062076110 4234631196062076110 1] 169958859
[1 2924808948485632371 2924808948485632371 1] 170696688
[1 8524912434673173885 8524912434673173885 2] 170154519
[1 4910815155141359377 4910815155141359377 1] 169208814
[1 3304347138197720766 3304347138197720766 1] 172098659
[1 5995556779380115553 5995556779380115553 1] 169863361
[1 9125410194183399692 9125410194183399692 3] 170598731
[1 6498154317312207707 6498154317312207707 1] 168849238
[1 2915401631087558806 2915401631087558806 1] 170149768
[1 5567888328640872059 5567888328640872059 1] 168024282
[1 3502860699208845159 3502860699208845159 1] 168907547
[1 3406049285641662091 3406049285641662091 1] 172275564
[1 854377241408973052 854377241408973052 1] 168610931
[1 4515549523596162363 4515549523596162363 4] 174438105
[1 9109751937899850269 9109751937899850269 1] 170687708
[1 7270893361234812399 7270893361234812399 1] 170623750
[1 2186660085480521359 2186660085480521359 1] 172049775
[1 2745496139622541367 2745496139622541367 1] 175068861
[1 6988592591068914289 6988592591068914289 1] 173621784
[1 1514311065984797111 1514311065984797111 1] 172810672
[1 8906605091214042257 8906605091214042257 1] 175613294
[1 5023112104351724990 5023112104351724990 1] 177098200
[1 2671445710972641548 2671445710972641548 1] 175957403
[1 4829806834806069095 4829806834806069095 1] 175225740
[1 7782878846569149117 7782878846569149117 1] 174841836
[1 8729075079655696675 8729075079655696675 1] 176578626

Prio stats: 399 79 18 2 2 0 0 0 0 0 0 0 0 0 0 0 
Results: 100.00 104781310
**********************************
DTU - OS Challenge - Client v0.20
**********************************
Total requests: 500
Start: Random
Difficulty: 30000000
Repetition probability (%): 20
Request delay (us): 600000
Priority enabled - lambda: 1.50

[1 2534080848504833637 2534080848504833637 1] 5378286
[1 734592446513182065 734592446513182065 2] 5371965
[1 144573006434803742 144573006434803742 1] 6715511
[1 2362446847867864768 2362446847867864768 1] 6833198
[1 2793302479550237922 2793302479550237922 1] 6795871
[1 2362446847867864768 2362446847867864768 1] 1024
[1 7579227685816234595 7579227685816234595 3] 9215132
[1 4402948556259363451 4402948556259363451 1] 9929835
[1 734592446513182065 734592446513182065 2] 9990108
[1 775798024421069700 775798024421069700 1] 8783925
[1 1511323233739817806 1511323233739817806 1] 11482071
[1 734592446513182065 734592446513182065 1] 11972706
[1 2534080848504833637 2534080848504833637 3] 451
[1 4325101186680591916 4325101186680591916 1] 15124368
[1 2362446847867864768 2362446847867864768 1] 14950896
[1 194901708358462687 194901708358462687 1] 13888060
[1 4539981729959298355 4539981729959298355 1] 14610684
[1 7413609510133063015 7413609510133063015 1] 13804323
[1 2362446847867864768 2362446847867864768 1] 2613
[1 6427445919344566720 6427445919344566720 1] 16655875
[1 6481588027008507250 6481588027008507250 1] 16098514
[1 194901708358462687 194901708358462687 1] 502
[1 2423815736635418286 2423815736635418286 1] 19019355
[1 65281072076987413 65281072076987413 1] 20155372
[1 8813438948783652661 8813438948783652661 1] 21047474
[1 1504946346371376639 1504946346371376639 2] 17192550
[1 5546712864438187884 5546712864438187884 2] 20779507
[1 5546712864438187884 5546712864438187884 1] 4181
[1 3118897387058355560 3118897387058355560 2] 21295457
[1 3826047074646187463 3826047074646187463 1] 23796657
[1 2423815736635418286 2423815736635418286 1] 23559084
[1 9063614686281648555 9063614686281648555 1] 25425031
[1 7457640055946008668 7457640055946008668 1] 26772378
[1 6224901217148171972 6224901217148171972 1] 27107912
[1 2404287123253513670 2404287123253513670 1] 25729857
[1 7120628415427462898 7120628415427462898 1] 27980612
[1 6184224123268371659 6184224123268371659 5] 28647751
[1 65281072076987413 65281072076987413 1] 31022536
[1 4881638827078685502 4881638827078685502 2] 28698051
[1 7056397236067230492 7056397236067230492 3] 29590348
[1 5082294164254468326 5082294164254468326 1] 31999470
[1 4475106793237928676 4475106793237928676 1] 31051984
[1 2362446847867864768 2362446847867864768 2] 635
[1 3604631005327317358 3604631005327317358 1] 34409095
[1 3152585022778420104 3152585022778420104 3] 33052576
[1 8813438948783652661 8813438948783652661 1] 35470416
[1 2024667237626825566 2024667237626825566 1] 35022171
[1 5853151758892767402 5853151758892767402 2] 35636735
[1 1755710550109762647 1755710550109762647 1] 35118728
[1 543933806449348227 543933806449348227 3] 34951711
[1 6481617086072149703 6481617086072149703 1] 34239889
[1 1867263731343969693 1867263731343969693 1] 34198196
[1 8469120784247382523 8469120784247382523 2] 33771478
[1 6224901217148171972 6224901217148171972 1] 38436205
[1 3826047074646187463 3826047074646187463 1] 40362935
[1 8412094805934371413 8412094805934371413 1] 36607929
[1 4238356272867122178 4238356272867122178 1] 35794841
[1 3990301012644747093 3990301012644747093 1] 38098505
[1 3322115445419574041 3322115445419574041 1] 36357322
[1 6481588027008507250 6481588027008507250 1] 635
[1 4568262719152854072 4568262719152854072 1] 40293167
[1 2034601758941119156 2034601758941119156 1] 36408647
[1 6677788738934613478 6677788738934613478 1] 41098651
[1 188298230885325765 188298230885325765 1] 39716401
[1 2041583049155452133 2041583049155452133 1] 37554364
[1 6488079815406579091 6488079815406579091 2] 41575097
[1 3274168525665820313 3274168525665820313 1] 39439093
[1 734592446513182065 734592446513182065 1] 824
[1 7192606909766198139 7192606909766198139 2] 38590026
[1 6149652210555691411 6149652210555691411 1] 37434977
[1 4387800982861812278 4387800982861812278 1] 37311636
[1 299017200798257185 299017200798257185 1] 38094524
[1 1691493319748746388 1691493319748746388 1] 42696549
[1 8959350751557039550 8959350751557039550 1] 41555989
[1 6459227495295035902 6459227495295035902 2] 42947426
[1 7192606909766198139 7192606909766198139 1] 591
[1 830539103387696557 830539103387696557 1] 41587573
[1 5546712864438187884 5546712864438187884 2] 3076
[1 6423505784789735895 6423505784789735895 2] 44765743
[1 7486420996130192751 7486420996130192751 1] 44424346
[1 6143266650014896614 6143266650014896614 2] 46287269
[1 7056397236067230492 7056397236067230492 1] 502
[1 4783208449973014378 4783208449973014378 1] 45337014
[1 6149652210555691411 6149652210555691411 1] 582
[1 9003525225793406809 9003525225793406809 1] 45891185
[1 188298230885325765 188298230885325765 1] 48219193
[1 1368790009816293228 1368790009816293228 1] 49431697
[1 4889044544488955645 4889044544488955645 1] 50175846
[1 4063616305869320469 4063616305869320469 1] 48870197
[1 5014386525507742238 5014386525507742238 1] 48569231
[1 1754341443584370596 1754341443584370596 1] 51954758
[1 1202761757499872340 1202761757499872340 1] 52969513
[1 1643096707707766227 1643096707707766227 1] 54403029
[1 6481588027008507250 6481588027008507250 2] 7638
[1 2016187078435865310 2016187078435865310 1] 51450722
[1 4571494471588410399 4571494471588410399 1] 53541133
[1 2899810306460920575 2899810306460920575 1] 55203137
[1 1623711085914951513 1623711085914951513 1] 54569746
[1 734592446513182065 734592446513182065 2] 510
[1 6522882028041492777 6522882028041492777 1] 53011699
[1 5117259440023367980 5117259440023367980 1] 53995849
[1 1504946346371376639 1504946346371376639 1] 633
[1 7648070865145929565 7648070865145929565 2] 56199524
[1 2041583049155452133 2041583049155452133 1] 53884198
[1 973789200653990917 973789200653990917 1] 53546897
[1 4625117666449960784 4625117666449960784 1] 57839312
[1 7332313593179142680 7332313593179142680 1] 53391494
[1 437485833847434610 437485833847434610 1] 54836565
[1 1719904128257064834 1719904128257064834 1] 55693758
[1 1636651290226904642 1636651290226904642 2] 53386873
[1 5052597226054880269 5052597226054880269 1] 53193940
[1 2362446847867864768 2362446847867864768 1] 463
[1 3528843856380800455 3528843856380800455 1] 56282748
[1 6423505784789735895 6423505784789735895 1] 625
[1 4578859820317211203 4578859820317211203 1] 53820918
[1 5324807480767963583 5324807480767963583 1] 53086339
[1 3056935101947936321 3056935101947936321 1] 56273013
[1 6621214734279361053 6621214734279361053 1] 53318536
[1 1423594309140718664 1423594309140718664 1] 55147128
[1 4209816133465409377 4209816133465409377 1] 57663089
[1 6423505784789735895 6423505784789735895 1] 617
[1 5736506011685513855 5736506011685513855 1] 54774985
[1 2404287123253513670 2404287123253513670 1] 576
[1 7083445861159801740 7083445861159801740 2] 56551377
[1 6594731957669765800 6594731957669765800 1] 58542241
[1 3986562849388276295 3986562849388276295 1] 58189458
[1 2484143475827320018 2484143475827320018 1] 56935368
[1 2707865817758435094 2707865817758435094 2] 58642147
[1 640355413593647557 640355413593647557 1] 57050245
[1 452426792638252267 452426792638252267 1] 56218967
[1 1644736183561893619 1644736183561893619 1] 55831847
[1 5473673147457920244 5473673147457920244 1] 55259218
[1 2133008165340658745 2133008165340658745 2] 60182803
[1 8412781360620923179 8412781360620923179 1] 59554639
[1 8702737910597480321 8702737910597480321 1] 56905631
[1 7333774302736409712 7333774302736409712 1] 54674498
[1 3479178647540675 3479178647540675 1] 56678851
[1 2961708466183274113 2961708466183274113 1] 58685376
[1 2759567550678525695 2759567550678525695 1] 57128142
[1 1368790009816293228 1368790009816293228 1] 60606633
[1 6055407793846710881 6055407793846710881 1] 62445447
[1 4691797828371083882 4691797828371083882 1] 58015059
[1 2041583049155452133 2041583049155452133 1] 470
[1 5176237346285668561 5176237346285668561 1] 59778448
[1 7158620314122222797 7158620314122222797 1] 59214551
[1 7706805436886922124 7706805436886922124 2] 59984379
[1 7110941327427811963 7110941327427811963 1] 60787582
[1 1867263731343969693 1867263731343969693 3] 1276
[1 679668748513524537 679668748513524537 1] 63916510
[1 3020197751155015731 3020197751155015731 1] 59595744
[1 6488079815406579091 6488079815406579091 1] 10293
[1 8247772754584940318 8247772754584940318 2] 60361498
[1 530152528428158153 530152528428158153 1] 61724663
[1 7120628415427462898 7120628415427462898 1] 476
[1 299017200798257185 299017200798257185 1] 512
[1 1202761757499872340 1202761757499872340 1] 63772097
[1 2133008165340658745 2133008165340658745 1] 642
[1 3591483698894380682 3591483698894380682 1] 59863283
[1 3826047074646187463 3826047074646187463 3] 457
[1 2667704554060079793 2667704554060079793 1] 63614456
[1 2957636182858896333 2957636182858896333 2] 65738603
[1 7245315310219989943 7245315310219989943 1] 61624941
[1 2323980267231403843 2323980267231403843 1] 62464367
[1 8440570705697865874 8440570705697865874 1] 63189258
[1 1768727318966947693 1768727318966947693 1] 65772864
[1 2423815736635418286 2423815736635418286 1] 627
[1 1688850359566875913 1688850359566875913 1] 64471934
[1 5014386525507742238 5014386525507742238 2] 641
[1 2563537891305446661 2563537891305446661 1] 61855169
[1 4691756201951388191 4691756201951388191 2] 65579467
[1 2235922858539825506 2235922858539825506 2] 64082161
[1 6066106939692475731 6066106939692475731 1] 65966382
[1 7981168371649140750 7981168371649140750 1] 64215902
[1 4691797828371083882 4691797828371083882 1] 1014
[1 5669426629233161698 5669426629233161698 2] 65112354
[1 3152585022778420104 3152585022778420104 1] 2223
[1 2615394154833410180 2615394154833410180 2] 67504663
[1 5014386525507742238 5014386525507742238 1] 65990943
[1 410608344853378961 410608344853378961 1] 68792172
[1 5725871939025734469 5725871939025734469 1] 69738015
[1 8995744019898056167 8995744019898056167 2] 65768962
[1 7110941327427811963 7110941327427811963 1] 69368179
[1 3083784089075866630 3083784089075866630 1] 70587882
[1 5713795303067392837 5713795303067392837 1] 70776761
[1 4510541111714514722 4510541111714514722 1] 72833212
[1 7959351501206635075 7959351501206635075 1] 70386621
[1 3479178647540675 3479178647540675 1] 71605294
[1 88656058469450104 88656058469450104 1] 72771541
[1 25427740488377879 25427740488377879 1] 73555514
[1 6326565546618157095 6326565546618157095 1] 73024975
[1 1978023411655590551 1978023411655590551 2] 74291002
[1 6186662527931605646 6186662527931605646 1] 74116221
[1 878321853308119927 878321853308119927 1] 73803805
[1 2951302292927883595 2951302292927883595 2] 74580631
[1 5473673147457920244 5473673147457920244 2] 537
[1 6395973630409952388 6395973630409952388 1] 77643009
[1 7100115956698684273 7100115956698684273 1] 78589879
[1 988160916272038329 988160916272038329 1] 78507438
[1 299017200798257185 299017200798257185 1] 629
[1 7720741887896933514 7720741887896933514 1] 79627513
[1 9005756381983941198 9005756381983941198 2] 78567849
[1 242630997870908240 242630997870908240 1] 79886842
[1 6205895507568252281 6205895507568252281 1] 81686774
[1 2362446847867864768 2362446847867864768 1] 444
[1 299017200798257185 299017200798257185 1] 1051
[1 4163859357572880609 4163859357572880609 2] 80831643
[1 1786797960415602363 1786797960415602363 1] 82683171
[1 5714036118562183164 5714036118562183164 1] 83299171
[1 6209632935000529379 6209632935000529379 1] 83552049
[1 8809647106421131765 8809647106421131765 1] 83181401
[1 6181441921403116218 6181441921403116218 1] 82711224
[1 8564099665671196488 8564099665671196488 1] 80962668
[1 5176237346285668561 5176237346285668561 2] 84409300
[1 6925495995205485527 6925495995205485527 1] 79085505
[1 4691797828371083882 4691797828371083882 1] 569
[1 6205895507568252281 6205895507568252281 2] 503
[1 2235922858539825506 2235922858539825506 2] 84840903
[1 7720741887896933514 7720741887896933514 1] 84543355
[1 194901708358462687 194901708358462687 2] 711
[1 1382217281421510153 1382217281421510153 1] 83008653
[1 2372462708566917683 2372462708566917683 1] 81430188
[1 5817082888557953243 5817082888557953243 1] 80851929
[1 5461490872532999296 5461490872532999296 1] 86334720
[1 543933806449348227 543933806449348227 1] 478
[1 8563765941803923471 8563765941803923471 1] 81232842
[1 2041583049155452133 2041583049155452133 1] 624
[1 8041029694233392263 8041029694233392263 1] 85521980
[1 500671477540433317 500671477540433317 1] 80953810
[1 65281072076987413 65281072076987413 1] 619
[1 2608619040719086023 2608619040719086023 3] 80808783
[1 3353633611168371839 3353633611168371839 1] 83872369
[1 7324426078548096937 7324426078548096937 1] 83398035
[1 6604409028890398458 6604409028890398458 1] 86499962
[1 7510828775444520032 7510828775444520032 2] 87913202
[1 5874308926547513054 5874308926547513054 1] 84182144
[1 2450391230438655829 2450391230438655829 2] 84103331
[1 3118897387058355560 3118897387058355560 1] 557
[1 988160916272038329 988160916272038329 1] 88160444
[1 4484334342182807094 4484334342182807094 1] 87757748
[1 2493455707987002135 2493455707987002135 1] 89175105
[1 2902775518149563928 2902775518149563928 1] 88372414
[1 1269328546397533139 1269328546397533139 2] 87482525
[1 4484334342182807094 4484334342182807094 1] 89147682
[1 276888136506025886 276888136506025886 2] 86237370
[1 3974662310833503936 3974662310833503936 1] 87074216
[1 6703236880448854912 6703236880448854912 1] 86095923
[1 1561759295924222778 1561759295924222778 1] 85925245
[1 4820322273056665644 4820322273056665644 2] 85425543
[1 5546712864438187884 5546712864438187884 2] 641
[1 3886006343053199902 3886006343053199902 2] 90511742
[1 6703236880448854912 6703236880448854912 1] 3912
[1 203360083600135 203360083600135 1] 90818868
[1 2293484174238985569 2293484174238985569 1] 87859114
[1 3696240554012026355 3696240554012026355 2] 89992405
[1 8334537738724480724 8334537738724480724 1] 93212014
[1 188298230885325765 188298230885325765 1] 714
[1 8252111918419446115 8252111918419446115 2] 89529887
[1 4797939815326154120 4797939815326154120 1] 90207380
[1 8041029694233392263 8041029694233392263 1] 587
[1 4384589494785995572 4384589494785995572 1] 89228554
[1 988160916272038329 988160916272038329 1] 641
[1 6177450513648811962 6177450513648811962 1] 93461715
[1 3138865914211987353 3138865914211987353 1] 88759445
[1 4384589494785995572 4384589494785995572 1] 569
[1 6739269202183663694 6739269202183663694 1] 93909137
[1 2607819402521596392 2607819402521596392 1] 96356285
[1 5683827663076204202 5683827663076204202 1] 92623491
[1 2793302479550237922 2793302479550237922 1] 526
[1 8323076437721295431 8323076437721295431 1] 94085137
[1 4252224425837930793 4252224425837930793 2] 95432589
[1 2976705648500278632 2976705648500278632 1] 93961606
[1 6419016279972728470 6419016279972728470 1] 94263254
[1 4425898825351802169 4425898825351802169 1] 96375718
[1 4733706822608317943 4733706822608317943 1] 94644212
[1 8241663919943639456 8241663919943639456 2] 93491354
[1 5450699390666749467 5450699390666749467 2] 97779562
[1 5241294535549771651 5241294535549771651 1] 95255675
[1 4510541111714514722 4510541111714514722 1] 511
[1 7368996169136332484 7368996169136332484 1] 99225569
[1 1884956663311175979 1884956663311175979 1] 95659763
[1 1304777749071274024 1304777749071274024 1] 95552302
[1 1678276299793924385 1678276299793924385 1] 96116225
[1 1854585463930301578 1854585463930301578 2] 97493565
[1 1924337394457498805 1924337394457498805 1] 94941069
[1 223440886057325973 223440886057325973 1] 96421469
[1 7209400215156338394 7209400215156338394 1] 98455055
[1 4418402178925663952 4418402178925663952 1] 96620645
[1 4406391457682319264 4406391457682319264 1] 95070999
[1 4222454969874026056 4222454969874026056 1] 100665490
[1 7299155276803035682 7299155276803035682 2] 97710862
[1 4500479876494902112 4500479876494902112 1] 101042720
[1 3598152335177071450 3598152335177071450 1] 98952988
[1 4027925441411345145 4027925441411345145 1] 99491303
[1 689675894688195993 689675894688195993 3] 101310744
[1 3000089680693884276 3000089680693884276 1] 98876662
[1 6262913009910473627 6262913009910473627 2] 99646128
[1 7869124646731260012 7869124646731260012 1] 100012741
[1 2835083123487432119 2835083123487432119 1] 103900133
[1 7368996169136332484 7368996169136332484 1] 103947570
[1 3623210729123536364 3623210729123536364 1] 100943510
[1 5024005365786298224 5024005365786298224 1] 100358501
[1 3056935101947936321 3056935101947936321 1] 658
[1 4015823473805546899 4015823473805546899 5] 101332806
[1 5052597226054880269 5052597226054880269 1] 625
[1 2827089930206818739 2827089930206818739 1] 103798193
[1 7564496488149924340 7564496488149924340 1] 104908278
[1 7110941327427811963 7110941327427811963 3] 798
[1 6226373918551262700 6226373918551262700 1] 104703723
[1 6363021835326843386 6363021835326843386 2] 105688181
[1 7179133576396330540 7179133576396330540 1] 105091393
[1 2157580786496160311 2157580786496160311 1] 103801685
[1 8323076437721295431 8323076437721295431 1] 106697946
[1 6066106939692475731 6066106939692475731 1] 505
[1 3124105503555707103 3124105503555707103 1] 108683547
[1 1368790009816293228 1368790009816293228 1] 637
[1 4915037906597823323 4915037906597823323 2] 110197237
[1 1454450557457318903 1454450557457318903 1] 109149146
[1 2024667237626825566 2024667237626825566 1] 633
[1 349380747702939018 349380747702939018 1] 107921053
[1 2227581384246786948 2227581384246786948 2] 107743302
[1 6213734397409716068 6213734397409716068 1] 109581909
[1 5500881474334741535 5500881474334741535 1] 110653472
[1 5817082888557953243 5817082888557953243 1] 666
[1 9183589395669793795 9183589395669793795 3] 110238982
[1 9169583293910868445 9169583293910868445 2] 111045854
[1 59732288773997284 59732288773997284 1] 110284881
[1 3214214179010442975 3214214179010442975 1] 111494191
[1 4027925441411345145 4027925441411345145 1] 628
[1 1593626704767875777 1593626704767875777 1] 110131588
[1 8630570987576487364 8630570987576487364 2] 111293702
[1 1553351868169198524 1553351868169198524 1] 115532261
[1 8893467400613295245 8893467400613295245 1] 114651140
[1 625752405965824007 625752405965824007 1] 113035471
[1 2140556533628101617 2140556533628101617 1] 114844564
[1 1202761757499872340 1202761757499872340 1] 663
[1 6970694805512411920 6970694805512411920 1] 115068163
[1 2486595304839889068 2486595304839889068 1] 118723625
[1 4026086645963848132 4026086645963848132 2] 115127768
[1 229896673213272955 229896673213272955 1] 116126373
[1 8016351889049416839 8016351889049416839 1] 114581592
[1 8202655399220147698 8202655399220147698 1] 118262576
[1 3085979894660728460 3085979894660728460 1] 118221198
[1 8975326870130194698 8975326870130194698 3] 117549979
[1 3551412392854034839 3551412392854034839 1] 116098822
[1 1725622992376502676 1725622992376502676 1] 116094717
[1 5297166931528432832 5297166931528432832 1] 115721716
[1 7747829096060162138 7747829096060162138 2] 120660602
[1 2036623190647379945 2036623190647379945 1] 116681551
[1 7510828775444520032 7510828775444520032 1] 121759299
[1 6739269202183663694 6739269202183663694 1] 121269120
[1 2001166196017553488 2001166196017553488 1] 120397956
[1 1884956663311175979 1884956663311175979 1] 119199288
[1 5500881474334741535 5500881474334741535 1] 122382814
[1 9151380673007977908 9151380673007977908 1] 121920724
[1 851669798651112196 851669798651112196 1] 124131913
[1 7517452838639578111 7517452838639578111 1] 124372380
[1 4507991751251991033 4507991751251991033 2] 122224619
[1 1614412163847339262 1614412163847339262 1] 125573248
[1 5107134308154167798 5107134308154167798 1] 122300568
[1 3437416573735018505 3437416573735018505 3] 125741223
[1 5241294535549771651 5241294535549771651 1] 123954381
[1 5755401317025159328 5755401317025159328 2] 128337790
[1 6185917551594629304 6185917551594629304 2] 123374586
[1 9155751192519472533 9155751192519472533 2] 122385199
[1 7299155276803035682 7299155276803035682 1] 125698653
[1 1722029683006977194 1722029683006977194 1] 122402940
[1 2618618167630672639 2618618167630672639 1] 123777601
[1 9159754158668839195 9159754158668839195 1] 122871898
[1 4099148554325651570 4099148554325651570 1] 125557595
[1 3238343641129302562 3238343641129302562 1] 123019474
[1 3050426382748096295 3050426382748096295 1] 122554207
[1 6193892421126438851 6193892421126438851 1] 126564260
[1 1360065137967046495 1360065137967046495 1] 124648473
[1 48832448058756721 48832448058756721 1] 127572528
[1 5229046199357839544 5229046199357839544 1] 129096474
[1 4788619936662578573 4788619936662578573 1] 124595333
[1 6634139786050018099 6634139786050018099 2] 126937184
[1 6068184192940086614 6068184192940086614 1] 123207215
[1 2876673555300728176 2876673555300728176 1] 124199417
[1 3825484426898516968 3825484426898516968 1] 126682686
[1 7994315882091944877 7994315882091944877 1] 124603373
[1 2011507969556361442 2011507969556361442 3] 125466779
[1 8431229861670639890 8431229861670639890 2] 128392883
[1 2864272377452065603 2864272377452065603 1] 124209852
[1 4797967690028934828 4797967690028934828 1] 127940729
[1 3323917135184132368 3323917135184132368 1] 126194301
[1 5354268917699786618 5354268917699786618 3] 127826354
[1 4796486870859907895 4796486870859907895 2] 130938070
[1 5485601491826763989 5485601491826763989 1] 130653904
[1 849028205199832660 849028205199832660 1] 130099393
[1 8076977809448368124 8076977809448368124 1] 130848083
[1 5986129245866449318 5986129245866449318 2] 130465765
[1 2064283110255756181 2064283110255756181 1] 129844311
[1 7142060684707465094 7142060684707465094 1] 133496837
[1 2205165417162652025 2205165417162652025 1] 133255898
[1 2120424062882406441 2120424062882406441 1] 133609123
[1 9103212061064693684 9103212061064693684 1] 136554840
[1 1595216937875681042 1595216937875681042 1] 132464709
[1 2424978053906544983 2424978053906544983 2] 134772740
[1 4883405915094461300 4883405915094461300 1] 131878656
[1 8000834349983649866 8000834349983649866 1] 130265019
[1 2022627511747153027 2022627511747153027 1] 133151580
[1 4592078462031078872 4592078462031078872 1] 137235202
[1 6823946754451631503 6823946754451631503 2] 131946815
[1 1424369261892339430 1424369261892339430 1] 131806245
[1 6852174564495416637 6852174564495416637 1] 132225324
[1 8700691002382498920 8700691002382498920 2] 134183732
[1 4844949585521619135 4844949585521619135 1] 135597936
[1 8049069275503338697 8049069275503338697 1] 132026920
[1 4875544784048692535 4875544784048692535 1] 138734826
[1 701494828689885731 701494828689885731 1] 134433305
[1 9022785980070915029 9022785980070915029 1] 136079818
[1 8821501642743306362 8821501642743306362 1] 135059323
[1 7142060684707465094 7142060684707465094 1] 138990521
[1 6952490968568682087 6952490968568682087 3] 138042113
[1 6998821099070004528 6998821099070004528 1] 135160810
[1 4830545170749636423 4830545170749636423 1] 137152361
[1 2198995162393314789 2198995162393314789 1] 137459255
[1 4844949585521619135 4844949585521619135 2] 140558346
[1 4288892856806979704 4288892856806979704 1] 140115024
[1 4015823473805546899 4015823473805546899 4] 138468090
[1 5631751142733051896 5631751142733051896 1] 142471141
[1 8435826721278301564 8435826721278301564 1] 140409677
[1 6561925948977092120 6561925948977092120 1] 143109465
[1 2709647364889915335 2709647364889915335 1] 142002598
[1 3627835602481942037 3627835602481942037 1] 140904022
[1 8085813531550349624 8085813531550349624 1] 144789546
[1 6130285853796231840 6130285853796231840 1] 143917466
[1 7417242198367371556 7417242198367371556 1] 142570620
[1 3630819551911263507 3630819551911263507 1] 143237709
[1 2331712595250935370 2331712595250935370 2] 145668033
[1 7429286906279962938 7429286906279962938 1] 145238058
[1 7389112309294576947 7389112309294576947 1] 142374628
[1 3598152335177071450 3598152335177071450 1] 145745246
[1 7748286944495210337 7748286944495210337 1] 145280510
[1 7666600720089571738 7666600720089571738 1] 144136307
[1 731528610936587692 731528610936587692 1] 145174267
[1 925489951527172442 925489951527172442 2] 146506776
[1 8202655399220147698 8202655399220147698 1] 149736178
[1 553647227764677031 553647227764677031 1] 147759964
[1 6371807650002478135 6371807650002478135 1] 145988177
[1 5425516575798474589 5425516575798474589 1] 149235905
[1 9093069635974834502 9093069635974834502 1] 149567438
[1 2835083123487432119 2835083123487432119 1] 150674975
[1 3802630639766380902 3802630639766380902 1] 151202073
[1 6848931212267917758 6848931212267917758 1] 151441666
[1 3270894045819665068 3270894045819665068 1] 151587528
[1 8695833067122986974 8695833067122986974 1] 154378713
[1 5150142070296594151 5150142070296594151 1] 154966811
[1 4829806834806069095 4829806834806069095 1] 153294023
[1 2119836625889007683 2119836625889007683 1] 154339059
[1 6432042097056548521 6432042097056548521 2] 157641279
[1 8881303685028862752 8881303685028862752 1] 155650944
[1 8211504703302327976 8211504703302327976 1] 157067553
[1 297235643465463964 297235643465463964 1] 156200685
[1 1621348943214056335 1621348943214056335 1] 155614698
[1 8629128849052958505 8629128849052958505 1] 159036505
[1 3242396995744804275 3242396995744804275 1] 157265589
[1 711455819273820196 711455819273820196 3] 156374215
[1 1484018877497371275 1484018877497371275 1] 156154341
[1 977087498677857140 977087498677857140 1] 158606703
[1 7371073606673973570 7371073606673973570 1] 155627571
[1 2203571038549539961 2203571038549539961 1] 156608419
[1 1355927245067212915 1355927245067212915 1] 160644095
[1 5936183028726751227 5936183028726751227 1] 160975234
[1 2962545965813180974 2962545965813180974 2] 158801184
[1 2707595407263261625 2707595407263261625 1] 160431060
[1 4083624127542346505 4083624127542346505 1] 161479426
[1 3802630639766380902 3802630639766380902 1] 162379443
[1 2399306794801506202 2399306794801506202 1] 163379904
[1 1462016017418150047 1462016017418150047 1] 163515967
[1 5176163379549967172 5176163379549967172 1] 163519337
[1 3005566175882605799 3005566175882605799 1] 165818236
[1 4234631196062076110 4234631196062076110 1] 166538341
[1 8231282189211272819 8231282189211272819 1] 168089656
[1 2924808948485632371 2924808948485632371 1] 168244921
[1 4910815155141359377 4910815155141359377 1] 166118114
[1 3304347138197720766 3304347138197720766 1] 168839137
[1 8524912434673173885 8524912434673173885 2] 168132829
[1 5995556779380115553 5995556779380115553 1] 167046654
[1 9125410194183399692 9125410194183399692 3] 167849790
[1 2915401631087558806 2915401631087558806 1] 167085651
[1 6498154317312207707 6498154317312207707 1] 165991957
[1 5567888328640872059 5567888328640872059 1] 165050747
[1 3502860699208845159 3502860699208845159 1] 166000092
[1 3406049285641662091 3406049285641662091 1] 169283452
[1 854377241408973052 854377241408973052 1] 165707848
[1 4515549523596162363 4515549523596162363 4] 172013976
[1 9109751937899850269 9109751937899850269 1] 168229050
[1 2186660085480521359 2186660085480521359 1] 168727516
[1 7270893361234812399 7270893361234812399 1] 168181843
[1 2745496139622541367 2745496139622541367 1] 172062187
[1 6988592591068914289 6988592591068914289 1] 170063475
[1 1514311065984797111 1514311065984797111 1] 169278458
[1 8906605091214042257 8906605091214042257 1] 173864770
[1 4829806834806069095 4829806834806069095 1] 171597719
[1 2671445710972641548 2671445710972641548 1] 173085607
[1 5023112104351724990 5023112104351724990 1] 174857308
[1 7782878846569149117 7782878846569149117 1] 172936497
[1 8729075079655696675 8729075079655696675 1] 173603615

Prio stats: 399 79 18 2 2 0 0 0 0 0 0 0 0 0 0 0 
Results: 100.00 103659717
**********************************
DTU - OS Challenge - Client v0.20
**********************************
Total requests: 500
Start: Random
Difficulty: 30000000
Repetition probability (%): 20
Request delay (us): 600000
Priority enabled - lambda: 1.50

[1 2534080848504833637 2534080848504833637 1] 5752730
[1 734592446513182065 734592446513182065 2] 5425173
[1 144573006434803742 144573006434803742 1] 6696554
[1 2362446847867864768 2362446847867864768 1] 6873526
[1 2793302479550237922 2793302479550237922 1] 6806985
[1 2362446847867864768 2362446847867864768 1] 1002
[1 7579227685816234595 7579227685816234595 3] 9346390
[1 4402948556259363451 4402948556259363451 1] 9839955
[1 734592446513182065 734592446513182065 2] 9810815
[1 775798024421069700 775798024421069700 1] 8490718
[1 1511323233739817806 1511323233739817806 1] 11351631
[1 734592446513182065 734592446513182065 1] 12476764
[1 2534080848504833637 2534080848504833637 3] 711
[1 4325101186680591916 4325101186680591916 1] 14631348
[1 2362446847867864768 2362446847867864768 1] 14251642
[1 7413609510133063015 7413609510133063015 1] 13224874
[1 4539981729959298355 4539981729959298355 1] 15027399
[1 194901708358462687 194901708358462687 1] 15030920
[1 2362446847867864768 2362446847867864768 1] 659
[1 8813438948783652661 8813438948783652661 1] 19664493
[1 6481588027008507250 6481588027008507250 1] 16691726
[1 6427445919344566720 6427445919344566720 1] 17307203
[1 194901708358462687 194901708358462687 1] 11247
[1 65281072076987413 65281072076987413 1] 19632721
[1 2423815736635418286 2423815736635418286 1] 20361099
[1 1504946346371376639 1504946346371376639 2] 17781789
[1 5546712864438187884 5546712864438187884 2] 20349741
[1 5546712864438187884 5546712864438187884 1] 621
[1 3826047074646187463 3826047074646187463 1] 23434194
[1 2423815736635418286 2423815736635418286 1] 23025940
[1 3118897387058355560 3118897387058355560 2] 21635544
[1 9063614686281648555 9063614686281648555 1] 24198833
[1 7457640055946008668 7457640055946008668 1] 26975112
[1 2404287123253513670 2404287123253513670 1] 24972008
[1 6224901217148171972 6224901217148171972 1] 27051647
[1 7120628415427462898 7120628415427462898 1] 26999279
[1 6184224123268371659 6184224123268371659 5] 28038490
[1 7056397236067230492 7056397236067230492 3] 28121849
[1 4881638827078685502 4881638827078685502 2] 28221192
[1 65281072076987413 65281072076987413 1] 31523823
[1 5082294164254468326 5082294164254468326 1] 31471915
[1 2362446847867864768 2362446847867864768 2] 616
[1 4475106793237928676 4475106793237928676 1] 31360285
[1 3604631005327317358 3604631005327317358 1] 32820603
[1 3152585022778420104 3152585022778420104 3] 32868362
[1 8813438948783652661 8813438948783652661 1] 34874202
[1 5853151758892767402 5853151758892767402 2] 34652504
[1 2024667237626825566 2024667237626825566 1] 35677237
[1 1755710550109762647 1755710550109762647 1] 35031815
[1 543933806449348227 543933806449348227 3] 34848727
[1 6481617086072149703 6481617086072149703 1] 34101497
[1 1867263731343969693 1867263731343969693 1] 33711368
[1 8469120784247382523 8469120784247382523 2] 33574315
[1 6224901217148171972 6224901217148171972 1] 38505349
[1 3826047074646187463 3826047074646187463 1] 39352064
[1 8412094805934371413 8412094805934371413 1] 36648285
[1 4238356272867122178 4238356272867122178 1] 35756332
[1 3990301012644747093 3990301012644747093 1] 37958073
[1 3322115445419574041 3322115445419574041 1] 36371728
[1 4568262719152854072 4568262719152854072 1] 39632497
[1 6481588027008507250 6481588027008507250 1] 481
[1 2034601758941119156 2034601758941119156 1] 35422115
[1 6677788738934613478 6677788738934613478 1] 39657073
[1 2041583049155452133 2041583049155452133 1] 36026087
[1 188298230885325765 188298230885325765 1] 39948420
[1 3274168525665820313 3274168525665820313 1] 38550183
[1 7192606909766198139 7192606909766198139 2] 37369621
[1 6488079815406579091 6488079815406579091 2] 41497204
[1 6149652210555691411 6149652210555691411 1] 36926002
[1 734592446513182065 734592446513182065 1] 653
[1 4387800982861812278 4387800982861812278 1] 36945005
[1 299017200798257185 299017200798257185 1] 37971229
[1 8959350751557039550 8959350751557039550 1] 40793897
[1 1691493319748746388 1691493319748746388 1] 42710096
[1 6459227495295035902 6459227495295035902 2] 41975516
[1 7192606909766198139 7192606909766198139 1] 633
[1 830539103387696557 830539103387696557 1] 41440696
[1 5546712864438187884 5546712864438187884 2] 626
[1 6423505784789735895 6423505784789735895 2] 43804521
[1 7486420996130192751 7486420996130192751 1] 43483916
[1 6143266650014896614 6143266650014896614 2] 46176541
[1 7056397236067230492 7056397236067230492 1] 614
[1 4783208449973014378 4783208449973014378 1] 45431206
[1 6149652210555691411 6149652210555691411 1] 604
[1 9003525225793406809 9003525225793406809 1] 45711542
[1 1368790009816293228 1368790009816293228 1] 47987166
[1 4889044544488955645 4889044544488955645 1] 49051381
[1 188298230885325765 188298230885325765 1] 48212740
[1 4063616305869320469 4063616305869320469 1] 48704983
[1 5014386525507742238 5014386525507742238 1] 48424556
[1 1202761757499872340 1202761757499872340 1] 50610893
[1 1754341443584370596 1754341443584370596 1] 51738137
[1 1643096707707766227 1643096707707766227 1] 53254164
[1 2016187078435865310 2016187078435865310 1] 50180558
[1 6481588027008507250 6481588027008507250 2] 480
[1 4571494471588410399 4571494471588410399 1] 53034281
[1 1623711085914951513 1623711085914951513 1] 52761459
[1 2899810306460920575 2899810306460920575 1] 55429280
[1 734592446513182065 734592446513182065 2] 11170
[1 5117259440023367980 5117259440023367980 1] 52662065
[1 6522882028041492777 6522882028041492777 1] 52523529
[1 7648070865145929565 7648070865145929565 2] 54758717
[1 2041583049155452133 2041583049155452133 1] 52638804
[1 1504946346371376639 1504946346371376639 1] 591
[1 973789200653990917 973789200653990917 1] 52933871
[1 4625117666449960784 4625117666449960784 1] 56667290
[1 7332313593179142680 7332313593179142680 1] 52437876
[1 1719904128257064834 1719904128257064834 1] 54262740
[1 437485833847434610 437485833847434610 1] 54088026
[1 1636651290226904642 1636651290226904642 2] 52584355
[1 5052597226054880269 5052597226054880269 1] 52520931
[1 3528843856380800455 3528843856380800455 1] 55041155
[1 2362446847867864768 2362446847867864768 1] 4051
[1 4578859820317211203 4578859820317211203 1] 53109512
[1 6423505784789735895 6423505784789735895 1] 7703
[1 5324807480767963583 5324807480767963583 1] 52347939
[1 3056935101947936321 3056935101947936321 1] 55571968
[1 1423594309140718664 1423594309140718664 1] 53848636
[1 4209816133465409377 4209816133465409377 1] 56484362
[1 6621214734279361053 6621214734279361053 1] 52645228
[1 5736506011685513855 5736506011685513855 1] 54043821
[1 6423505784789735895 6423505784789735895 1] 443
[1 7083445861159801740 7083445861159801740 2] 55938740
[1 6594731957669765800 6594731957669765800 1] 57206484
[1 2404287123253513670 2404287123253513670 1] 637
[1 3986562849388276295 3986562849388276295 1] 57246773
[1 2484143475827320018 2484143475827320018 1] 56510952
[1 2707865817758435094 2707865817758435094 2] 57546882
[1 452426792638252267 452426792638252267 1] 55014102
[1 640355413593647557 640355413593647557 1] 56239430
[1 1644736183561893619 1644736183561893619 1] 55021752
[1 5473673147457920244 5473673147457920244 1] 54075607
[1 2133008165340658745 2133008165340658745 2] 58715159
[1 8412781360620923179 8412781360620923179 1] 59294105
[1 8702737910597480321 8702737910597480321 1] 56305685
[1 7333774302736409712 7333774302736409712 1] 54097589
[1 3479178647540675 3479178647540675 1] 55919199
[1 2961708466183274113 2961708466183274113 1] 58115548
[1 2759567550678525695 2759567550678525695 1] 56343619
[1 1368790009816293228 1368790009816293228 1] 59536728
[1 6055407793846710881 6055407793846710881 1] 60573140
[1 4691797828371083882 4691797828371083882 1] 56477205
[1 5176237346285668561 5176237346285668561 1] 58769552
[1 2041583049155452133 2041583049155452133 1] 1084
[1 7706805436886922124 7706805436886922124 2] 57861082
[1 7110941327427811963 7110941327427811963 1] 58979545
[1 7158620314122222797 7158620314122222797 1] 58397334
[1 3020197751155015731 3020197751155015731 1] 58183331
[1 679668748513524537 679668748513524537 1] 63086499
[1 1867263731343969693 1867263731343969693 3] 634
[1 530152528428158153 530152528428158153 1] 60172996
[1 8247772754584940318 8247772754584940318 2] 59217493
[1 1202761757499872340 1202761757499872340 1] 61853024
[1 6488079815406579091 6488079815406579091 1] 609
[1 7120628415427462898 7120628415427462898 1] 579
[1 3591483698894380682 3591483698894380682 1] 57844396
[1 299017200798257185 299017200798257185 1] 571
[1 2133008165340658745 2133008165340658745 1] 636
[1 2667704554060079793 2667704554060079793 1] 62305864
[1 3826047074646187463 3826047074646187463 3] 841
[1 8440570705697865874 8440570705697865874 1] 61151394
[1 2957636182858896333 2957636182858896333 2] 65035580
[1 7245315310219989943 7245315310219989943 1] 60617328
[1 2323980267231403843 2323980267231403843 1] 61242915
[1 1768727318966947693 1768727318966947693 1] 64429836
[1 2423815736635418286 2423815736635418286 1] 7907
[1 1688850359566875913 1688850359566875913 1] 63488777
[1 2563537891305446661 2563537891305446661 1] 60717861
[1 5014386525507742238 5014386525507742238 2] 624
[1 4691756201951388191 4691756201951388191 2] 63947813
[1 2235922858539825506 2235922858539825506 2] 62390602
[1 6066106939692475731 6066106939692475731 1] 63786391
[1 7981168371649140750 7981168371649140750 1] 63044103
[1 5669426629233161698 5669426629233161698 2] 63750469
[1 4691797828371083882 4691797828371083882 1] 542
[1 2615394154833410180 2615394154833410180 2] 65247155
[1 5014386525507742238 5014386525507742238 1] 63815388
[1 3152585022778420104 3152585022778420104 1] 522
[1 410608344853378961 410608344853378961 1] 67205271
[1 8995744019898056167 8995744019898056167 2] 64161928
[1 5725871939025734469 5725871939025734469 1] 68531408
[1 7110941327427811963 7110941327427811963 1] 66536332
[1 3083784089075866630 3083784089075866630 1] 69228402
[1 5713795303067392837 5713795303067392837 1] 69067561
[1 25427740488377879 25427740488377879 1] 70184404
[1 4510541111714514722 4510541111714514722 1] 71577009
[1 7959351501206635075 7959351501206635075 1] 68974666
[1 3479178647540675 3479178647540675 1] 69888388
[1 88656058469450104 88656058469450104 1] 71242246
[1 6326565546618157095 6326565546618157095 1] 71295628
[1 6186662527931605646 6186662527931605646 1] 71532590
[1 1978023411655590551 1978023411655590551 2] 72810747
[1 878321853308119927 878321853308119927 1] 72402765
[1 2951302292927883595 2951302292927883595 2] 72783896
[1 6395973630409952388 6395973630409952388 1] 75433076
[1 7100115956698684273 7100115956698684273 1] 76759697
[1 5473673147457920244 5473673147457920244 2] 457
[1 988160916272038329 988160916272038329 1] 76884372
[1 299017200798257185 299017200798257185 1] 667
[1 7720741887896933514 7720741887896933514 1] 77561678
[1 9005756381983941198 9005756381983941198 2] 76313873
[1 6205895507568252281 6205895507568252281 1] 79528110
[1 242630997870908240 242630997870908240 1] 78372690
[1 4163859357572880609 4163859357572880609 2] 78271226
[1 1786797960415602363 1786797960415602363 1] 80981474
[1 2362446847867864768 2362446847867864768 1] 500
[1 299017200798257185 299017200798257185 1] 542
[1 5714036118562183164 5714036118562183164 1] 81119964
[1 6209632935000529379 6209632935000529379 1] 81313157
[1 6181441921403116218 6181441921403116218 1] 80269797
[1 5176237346285668561 5176237346285668561 2] 81643366
[1 8564099665671196488 8564099665671196488 1] 78871521
[1 8809647106421131765 8809647106421131765 1] 81666513
[1 6925495995205485527 6925495995205485527 1] 76902821
[1 2235922858539825506 2235922858539825506 2] 82382338
[1 7720741887896933514 7720741887896933514 1] 81863859
[1 4691797828371083882 4691797828371083882 1] 529
[1 2372462708566917683 2372462708566917683 1] 78754636
[1 1382217281421510153 1382217281421510153 1] 81042134
[1 5817082888557953243 5817082888557953243 1] 78336316
[1 6205895507568252281 6205895507568252281 2] 10549
[1 8563765941803923471 8563765941803923471 1] 78326068
[1 194901708358462687 194901708358462687 2] 585
[1 5461490872532999296 5461490872532999296 1] 84336958
[1 8041029694233392263 8041029694233392263 1] 83204759
[1 500671477540433317 500671477540433317 1] 78540534
[1 2608619040719086023 2608619040719086023 3] 78279014
[1 3353633611168371839 3353633611168371839 1] 81596365
[1 543933806449348227 543933806449348227 1] 3587
[1 2041583049155452133 2041583049155452133 1] 462
[1 65281072076987413 65281072076987413 1] 477
[1 6604409028890398458 6604409028890398458 1] 83752958
[1 7324426078548096937 7324426078548096937 1] 81574842
[1 7510828775444520032 7510828775444520032 2] 84920887
[1 5874308926547513054 5874308926547513054 1] 81271744
[1 2450391230438655829 2450391230438655829 2] 81228593
[1 988160916272038329 988160916272038329 1] 85451209
[1 4484334342182807094 4484334342182807094 1] 85114468
[1 3118897387058355560 3118897387058355560 1] 676
[1 2902775518149563928 2902775518149563928 1] 85531103
[1 2493455707987002135 2493455707987002135 1] 87509998
[1 4484334342182807094 4484334342182807094 1] 85796083
[1 1269328546397533139 1269328546397533139 2] 85429949
[1 276888136506025886 276888136506025886 2] 83092317
[1 6703236880448854912 6703236880448854912 1] 83028358
[1 3974662310833503936 3974662310833503936 1] 84797372
[1 1561759295924222778 1561759295924222778 1] 83236451
[1 4820322273056665644 4820322273056665644 2] 82720602
[1 3886006343053199902 3886006343053199902 2] 88542260
[1 203360083600135 203360083600135 1] 88153610
[1 5546712864438187884 5546712864438187884 2] 640
[1 6703236880448854912 6703236880448854912 1] 470
[1 2293484174238985569 2293484174238985569 1] 85327139
[1 8334537738724480724 8334537738724480724 1] 90590450
[1 8252111918419446115 8252111918419446115 2] 86713112
[1 3696240554012026355 3696240554012026355 2] 87914845
[1 4797939815326154120 4797939815326154120 1] 87434924
[1 4384589494785995572 4384589494785995572 1] 86252616
[1 188298230885325765 188298230885325765 1] 725
[1 8041029694233392263 8041029694233392263 1] 6034
[1 6177450513648811962 6177450513648811962 1] 90631388
[1 3138865914211987353 3138865914211987353 1] 85939607
[1 988160916272038329 988160916272038329 1] 589
[1 6739269202183663694 6739269202183663694 1] 91063159
[1 5683827663076204202 5683827663076204202 1] 89584376
[1 2607819402521596392 2607819402521596392 1] 94212271
[1 4384589494785995572 4384589494785995572 1] 516
[1 8323076437721295431 8323076437721295431 1] 91236566
[1 2793302479550237922 2793302479550237922 1] 588
[1 4252224425837930793 4252224425837930793 2] 92688496
[1 2976705648500278632 2976705648500278632 1] 91786704
[1 6419016279972728470 6419016279972728470 1] 91455320
[1 4425898825351802169 4425898825351802169 1] 93740439
[1 4733706822608317943 4733706822608317943 1] 91789233
[1 8241663919943639456 8241663919943639456 2] 90647595
[1 5450699390666749467 5450699390666749467 2] 94977946
[1 5241294535549771651 5241294535549771651 1] 92624088
[1 1884956663311175979 1884956663311175979 1] 92634889
[1 7368996169136332484 7368996169136332484 1] 97271562
[1 4510541111714514722 4510541111714514722 1] 560
[1 1304777749071274024 1304777749071274024 1] 92823576
[1 1678276299793924385 1678276299793924385 1] 92598490
[1 1854585463930301578 1854585463930301578 2] 95517928
[1 223440886057325973 223440886057325973 1] 92794847
[1 1924337394457498805 1924337394457498805 1] 92926398
[1 4418402178925663952 4418402178925663952 1] 93621019
[1 7209400215156338394 7209400215156338394 1] 96965999
[1 4406391457682319264 4406391457682319264 1] 92533518
[1 4222454969874026056 4222454969874026056 1] 98437057
[1 7299155276803035682 7299155276803035682 2] 95899469
[1 4500479876494902112 4500479876494902112 1] 98212873
[1 3598152335177071450 3598152335177071450 1] 97158719
[1 4027925441411345145 4027925441411345145 1] 97536524
[1 689675894688195993 689675894688195993 3] 98883626
[1 3000089680693884276 3000089680693884276 1] 96408397
[1 6262913009910473627 6262913009910473627 2] 97842889
[1 7869124646731260012 7869124646731260012 1] 97621764
[1 2835083123487432119 2835083123487432119 1] 100644252
[1 3623210729123536364 3623210729123536364 1] 97513842
[1 5024005365786298224 5024005365786298224 1] 97480240
[1 7368996169136332484 7368996169136332484 1] 102839608
[1 4015823473805546899 4015823473805546899 5] 98447469
[1 2827089930206818739 2827089930206818739 1] 101687531
[1 7564496488149924340 7564496488149924340 1] 102386221
[1 3056935101947936321 3056935101947936321 1] 8426
[1 5052597226054880269 5052597226054880269 1] 2498
[1 6226373918551262700 6226373918551262700 1] 102425472
[1 6363021835326843386 6363021835326843386 2] 103065528
[1 7179133576396330540 7179133576396330540 1] 102942065
[1 7110941327427811963 7110941327427811963 3] 631
[1 2157580786496160311 2157580786496160311 1] 101749675
[1 8323076437721295431 8323076437721295431 1] 103781185
[1 6066106939692475731 6066106939692475731 1] 861
[1 3124105503555707103 3124105503555707103 1] 106131493
[1 4915037906597823323 4915037906597823323 2] 107269192
[1 349380747702939018 349380747702939018 1] 104932194
[1 1454450557457318903 1454450557457318903 1] 106757481
[1 2227581384246786948 2227581384246786948 2] 105468562
[1 5500881474334741535 5500881474334741535 1] 107473679
[1 1368790009816293228 1368790009816293228 1] 615
[1 6213734397409716068 6213734397409716068 1] 106954730
[1 2024667237626825566 2024667237626825566 1] 497
[1 9169583293910868445 9169583293910868445 2] 108547269
[1 9183589395669793795 9183589395669793795 3] 108077033
[1 59732288773997284 59732288773997284 1] 107402131
[1 3214214179010442975 3214214179010442975 1] 108916453
[1 5817082888557953243 5817082888557953243 1] 578
[1 1593626704767875777 1593626704767875777 1] 107999026
[1 4027925441411345145 4027925441411345145 1] 10854
[1 8630570987576487364 8630570987576487364 2] 108778416
[1 8893467400613295245 8893467400613295245 1] 111358800
[1 1553351868169198524 1553351868169198524 1] 113500008
[1 625752405965824007 625752405965824007 1] 110461548
[1 2140556533628101617 2140556533628101617 1] 112735521
[1 6970694805512411920 6970694805512411920 1] 112738957
[1 1202761757499872340 1202761757499872340 1] 907
[1 2486595304839889068 2486595304839889068 1] 115287548
[1 4026086645963848132 4026086645963848132 2] 111692597
[1 229896673213272955 229896673213272955 1] 113771099
[1 8016351889049416839 8016351889049416839 1] 112284443
[1 8202655399220147698 8202655399220147698 1] 115790139
[1 8975326870130194698 8975326870130194698 3] 113857211
[1 3085979894660728460 3085979894660728460 1] 116124220
[1 3551412392854034839 3551412392854034839 1] 112788459
[1 1725622992376502676 1725622992376502676 1] 112756721
[1 5297166931528432832 5297166931528432832 1] 112288594
[1 7747829096060162138 7747829096060162138 2] 118584658
[1 6739269202183663694 6739269202183663694 1] 118351085
[1 7510828775444520032 7510828775444520032 1] 119441594
[1 2036623190647379945 2036623190647379945 1] 114662392
[1 2001166196017553488 2001166196017553488 1] 116909344
[1 1884956663311175979 1884956663311175979 1] 116607806
[1 9151380673007977908 9151380673007977908 1] 118394402
[1 851669798651112196 851669798651112196 1] 120318185
[1 5500881474334741535 5500881474334741535 1] 119992822
[1 7517452838639578111 7517452838639578111 1] 121994721
[1 1614412163847339262 1614412163847339262 1] 121480831
[1 4507991751251991033 4507991751251991033 2] 119889832
[1 5107134308154167798 5107134308154167798 1] 118437974
[1 5755401317025159328 5755401317025159328 2] 124656419
[1 3437416573735018505 3437416573735018505 3] 123076195
[1 5241294535549771651 5241294535549771651 1] 121324509
[1 7299155276803035682 7299155276803035682 1] 121843491
[1 6185917551594629304 6185917551594629304 2] 120170214
[1 9155751192519472533 9155751192519472533 2] 119046394
[1 1722029683006977194 1722029683006977194 1] 119189061
[1 2618618167630672639 2618618167630672639 1] 120807416
[1 9159754158668839195 9159754158668839195 1] 119320817
[1 4099148554325651570 4099148554325651570 1] 121734019
[1 3238343641129302562 3238343641129302562 1] 119356210
[1 3050426382748096295 3050426382748096295 1] 118879872
[1 6193892421126438851 6193892421126438851 1] 123746375
[1 48832448058756721 48832448058756721 1] 123591693
[1 1360065137967046495 1360065137967046495 1] 121878600
[1 5229046199357839544 5229046199357839544 1] 125758906
[1 4788619936662578573 4788619936662578573 1] 121241946
[1 6634139786050018099 6634139786050018099 2] 123210912
[1 6068184192940086614 6068184192940086614 1] 119459623
[1 2876673555300728176 2876673555300728176 1] 120810719
[1 3825484426898516968 3825484426898516968 1] 123446834
[1 7994315882091944877 7994315882091944877 1] 121376128
[1 2011507969556361442 2011507969556361442 3] 122218284
[1 8431229861670639890 8431229861670639890 2] 124884757
[1 2864272377452065603 2864272377452065603 1] 121142241
[1 4797967690028934828 4797967690028934828 1] 124401186
[1 3323917135184132368 3323917135184132368 1] 122904640
[1 5354268917699786618 5354268917699786618 3] 123910341
[1 4796486870859907895 4796486870859907895 2] 127482943
[1 5485601491826763989 5485601491826763989 1] 127342385
[1 849028205199832660 849028205199832660 1] 126619475
[1 8076977809448368124 8076977809448368124 1] 126437385
[1 5986129245866449318 5986129245866449318 2] 127092877
[1 2064283110255756181 2064283110255756181 1] 126507464
[1 7142060684707465094 7142060684707465094 1] 130531248
[1 2205165417162652025 2205165417162652025 1] 129888089
[1 2120424062882406441 2120424062882406441 1] 130446658
[1 9103212061064693684 9103212061064693684 1] 131980381
[1 1595216937875681042 1595216937875681042 1] 129024567
[1 2022627511747153027 2022627511747153027 1] 128744485
[1 4883405915094461300 4883405915094461300 1] 128302426
[1 2424978053906544983 2424978053906544983 2] 132030070
[1 8000834349983649866 8000834349983649866 1] 126745573
[1 6823946754451631503 6823946754451631503 2] 127856604
[1 4592078462031078872 4592078462031078872 1] 133471472
[1 1424369261892339430 1424369261892339430 1] 127981836
[1 6852174564495416637 6852174564495416637 1] 128570187
[1 8700691002382498920 8700691002382498920 2] 130313068
[1 4844949585521619135 4844949585521619135 1] 132234545
[1 8049069275503338697 8049069275503338697 1] 128101914
[1 4875544784048692535 4875544784048692535 1] 135347217
[1 701494828689885731 701494828689885731 1] 130913596
[1 9022785980070915029 9022785980070915029 1] 132283762
[1 8821501642743306362 8821501642743306362 1] 131566428
[1 7142060684707465094 7142060684707465094 1] 134875371
[1 6998821099070004528 6998821099070004528 1] 131914904
[1 6952490968568682087 6952490968568682087 3] 135782747
[1 4830545170749636423 4830545170749636423 1] 134294579
[1 4844949585521619135 4844949585521619135 2] 136147198
[1 2198995162393314789 2198995162393314789 1] 134610991
[1 4288892856806979704 4288892856806979704 1] 136587874
[1 5631751142733051896 5631751142733051896 1] 138698558
[1 4015823473805546899 4015823473805546899 4] 135476004
[1 8435826721278301564 8435826721278301564 1] 137358533
[1 2709647364889915335 2709647364889915335 1] 138487326
[1 8085813531550349624 8085813531550349624 1] 140593493
[1 6561925948977092120 6561925948977092120 1] 140239928
[1 3627835602481942037 3627835602481942037 1] 137510021
[1 6130285853796231840 6130285853796231840 1] 140569883
[1 7417242198367371556 7417242198367371556 1] 139346960
[1 3630819551911263507 3630819551911263507 1] 140046329
[1 2331712595250935370 2331712595250935370 2] 142169390
[1 7429286906279962938 7429286906279962938 1] 141606506
[1 7389112309294576947 7389112309294576947 1] 138632491
[1 3598152335177071450 3598152335177071450 1] 142269439
[1 7748286944495210337 7748286944495210337 1] 141713084
[1 7666600720089571738 7666600720089571738 1] 140220247
[1 731528610936587692 731528610936587692 1] 141782103
[1 925489951527172442 925489951527172442 2] 143000827
[1 8202655399220147698 8202655399220147698 1] 145921240
[1 553647227764677031 553647227764677031 1] 143857637
[1 6371807650002478135 6371807650002478135 1] 142126680
[1 5425516575798474589 5425516575798474589 1] 144858207
[1 9093069635974834502 9093069635974834502 1] 145990756
[1 2835083123487432119 2835083123487432119 1] 147494973
[1 3802630639766380902 3802630639766380902 1] 146660301
[1 3270894045819665068 3270894045819665068 1] 146778929
[1 6848931212267917758 6848931212267917758 1] 148122283
[1 8695833067122986974 8695833067122986974 1] 149346162
[1 4829806834806069095 4829806834806069095 1] 148926596
[1 5150142070296594151 5150142070296594151 1] 151565771
[1 2119836625889007683 2119836625889007683 1] 149358375
[1 8881303685028862752 8881303685028862752 1] 151024296
[1 6432042097056548521 6432042097056548521 2] 154571112
[1 8211504703302327976 8211504703302327976 1] 153061867
[1 1621348943214056335 1621348943214056335 1] 151338186
[1 297235643465463964 297235643465463964 1] 151999187
[1 3242396995744804275 3242396995744804275 1] 153343182
[1 8629128849052958505 8629128849052958505 1] 155529626
[1 711455819273820196 711455819273820196 3] 152013844
[1 1484018877497371275 1484018877497371275 1] 152328859
[1 977087498677857140 977087498677857140 1] 154759559
[1 7371073606673973570 7371073606673973570 1] 151785499
[1 2203571038549539961 2203571038549539961 1] 152707051
[1 1355927245067212915 1355927245067212915 1] 156590558
[1 5936183028726751227 5936183028726751227 1] 156989034
[1 2707595407263261625 2707595407263261625 1] 156298925
[1 2962545965813180974 2962545965813180974 2] 155185210
[1 4083624127542346505 4083624127542346505 1] 158364880
[1 3802630639766380902 3802630639766380902 1] 158379647
[1 2399306794801506202 2399306794801506202 1] 159829828
[1 1462016017418150047 1462016017418150047 1] 159834324
[1 5176163379549967172 5176163379549967172 1] 159126344
[1 3005566175882605799 3005566175882605799 1] 162787304
[1 4234631196062076110 4234631196062076110 1] 162411512
[1 8231282189211272819 8231282189211272819 1] 164494346
[1 2924808948485632371 2924808948485632371 1] 164750175
[1 4910815155141359377 4910815155141359377 1] 162501192
[1 8524912434673173885 8524912434673173885 2] 163850813
[1 3304347138197720766 3304347138197720766 1] 165165028
[1 5995556779380115553 5995556779380115553 1] 163677386
[1 9125410194183399692 9125410194183399692 3] 164211169
[1 6498154317312207707 6498154317312207707 1] 162325240
[1 2915401631087558806 2915401631087558806 1] 164097915
[1 3502860699208845159 3502860699208845159 1] 162357987
[1 5567888328640872059 5567888328640872059 1] 161953016
[1 3406049285641662091 3406049285641662091 1] 165108957
[1 854377241408973052 854377241408973052 1] 162261222
[1 4515549523596162363 4515549523596162363 4] 167848306
[1 9109751937899850269 9109751937899850269 1] 164678307
[1 7270893361234812399 7270893361234812399 1] 164431432
[1 2186660085480521359 2186660085480521359 1] 165363231
[1 2745496139622541367 2745496139622541367 1] 167737068
[1 6988592591068914289 6988592591068914289 1] 166874388
[1 1514311065984797111 1514311065984797111 1] 165993552
[1 8906605091214042257 8906605091214042257 1] 169989343
[1 2671445710972641548 2671445710972641548 1] 168674484
[1 4829806834806069095 4829806834806069095 1] 168690590
[1 5023112104351724990 5023112104351724990 1] 171431687
[1 7782878846569149117 7782878846569149117 1] 169104287
[1 8729075079655696675 8729075079655696675 1] 169642709

Prio stats: 399 79 18 2 2 0 0 0 0 0 0 0 0 0 0 0 
Results: 100.00 101174343
