**********************************
DTU - OS Challenge - Client v0.20
**********************************
Total requests: 500
Start: Random
Difficulty: 30000000
Repetition probability (%): 20
Request delay (us): 600000
Priority enabled - lambda: 1.50

[1 2534080848504833637 2534080848504833637 1] 4815919
[1 734592446513182065 734592446513182065 2] 4404919
[1 144573006434803742 144573006434803742 1] 5497777
[1 2362446847867864768 2362446847867864768 1] 5332062
[1 2793302479550237922 2793302479550237922 1] 5281274
[1 7579227685816234595 7579227685816234595 3] 6943956
[1 4402948556259363451 4402948556259363451 1] 7285257
[1 734592446513182065 734592446513182065 2] 7217062
[1 775798024421069700 775798024421069700 1] 5815957
[1 1511323233739817806 1511323233739817806 1] 8364007
[1 734592446513182065 734592446513182065 1] 8876996
[1 4325101186680591916 4325101186680591916 1] 10607840
[1 2362446847867864768 2362446847867864768 1] 10533893
[1 7413609510133063015 7413609510133063015 1] 8821100
[1 194901708358462687 194901708358462687 1] 10101552
[1 4539981729959298355 4539981729959298355 1] 10827646
[1 65281072076987413 65281072076987413 1] 13495252
[1 2362446847867864768 2362446847867864768 1] 12466065
[1 6481588027008507250 6481588027008507250 1] 11284638
[1 8813438948783652661 8813438948783652661 1] 14492482
[1 2423815736635418286 2423815736635418286 1] 13653042
[1 6427445919344566720 6427445919344566720 1] 15726431
[1 5546712864438187884 5546712864438187884 2] 13778697
[1 1504946346371376639 1504946346371376639 2] 13948426
[1 3826047074646187463 3826047074646187463 1] 16608510
[1 2423815736635418286 2423815736635418286 1] 16247848
[1 3118897387058355560 3118897387058355560 2] 16328922
[1 9063614686281648555 9063614686281648555 1] 17399557
[1 7457640055946008668 7457640055946008668 1] 18263476
[1 6224901217148171972 6224901217148171972 1] 18484206
[1 2404287123253513670 2404287123253513670 1] 18523048
[1 2534080848504833637 2534080848504833637 3] 19701307
[1 7120628415427462898 7120628415427462898 1] 20305608
[1 6184224123268371659 6184224123268371659 5] 20884006
[1 65281072076987413 65281072076987413 1] 22101372
[1 7056397236067230492 7056397236067230492 3] 20481711
[1 4881638827078685502 4881638827078685502 2] 20622752
[1 5082294164254468326 5082294164254468326 1] 23636590
[1 4475106793237928676 4475106793237928676 1] 21834328
[1 3604631005327317358 3604631005327317358 1] 23847242
[1 3152585022778420104 3152585022778420104 3] 23694323
[1 8813438948783652661 8813438948783652661 1] 25001637
[1 2024667237626825566 2024667237626825566 1] 25031126
[1 5853151758892767402 5853151758892767402 2] 24559132
[1 1755710550109762647 1755710550109762647 1] 24513399
[1 543933806449348227 543933806449348227 3] 24579594
[1 2362446847867864768 2362446847867864768 1] 27095491
[1 6481617086072149703 6481617086072149703 1] 25016624
[1 1867263731343969693 1867263731343969693 1] 25684714
[1 6224901217148171972 6224901217148171972 1] 28820531
[1 8469120784247382523 8469120784247382523 2] 25545306
[1 194901708358462687 194901708358462687 1] 27422060
[1 3826047074646187463 3826047074646187463 1] 28660143
[1 8412094805934371413 8412094805934371413 1] 26469709
[1 4238356272867122178 4238356272867122178 1] 25597440
[1 3322115445419574041 3322115445419574041 1] 26095206
[1 3990301012644747093 3990301012644747093 1] 28694017
[1 6677788738934613478 6677788738934613478 1] 28198548
[1 4568262719152854072 4568262719152854072 1] 30331778
[1 2034601758941119156 2034601758941119156 1] 26057514
[1 188298230885325765 188298230885325765 1] 28985200
[1 5546712864438187884 5546712864438187884 1] 28992418
[1 2041583049155452133 2041583049155452133 1] 27481349
[1 6488079815406579091 6488079815406579091 2] 30771358
[1 3274168525665820313 3274168525665820313 1] 28437844
[1 6149652210555691411 6149652210555691411 1] 26428961
[1 7192606909766198139 7192606909766198139 2] 27997734
[1 4387800982861812278 4387800982861812278 1] 26241445
[1 299017200798257185 299017200798257185 1] 26655336
[1 8959350751557039550 8959350751557039550 1] 29384296
[1 1691493319748746388 1691493319748746388 1] 31222931
[1 6459227495295035902 6459227495295035902 2] 30627916
[1 830539103387696557 830539103387696557 1] 29198837
[1 6423505784789735895 6423505784789735895 2] 31000584
[1 6143266650014896614 6143266650014896614 2] 32480915
[1 7486420996130192751 7486420996130192751 1] 31127192
[1 4783208449973014378 4783208449973014378 1] 32133265
[1 9003525225793406809 9003525225793406809 1] 31424611
[1 1368790009816293228 1368790009816293228 1] 34020425
[1 4889044544488955645 4889044544488955645 1] 34777425
[1 188298230885325765 188298230885325765 1] 33696438
[1 4063616305869320469 4063616305869320469 1] 33784077
[1 5014386525507742238 5014386525507742238 1] 33443739
[1 1754341443584370596 1754341443584370596 1] 36168745
[1 1202761757499872340 1202761757499872340 1] 36075944
[1 1643096707707766227 1643096707707766227 1] 37386477
[1 2016187078435865310 2016187078435865310 1] 34259837
[1 4571494471588410399 4571494471588410399 1] 36501167
[1 1623711085914951513 1623711085914951513 1] 36751919
[1 2899810306460920575 2899810306460920575 1] 38617616
[1 7648070865145929565 7648070865145929565 2] 37657700
[1 5117259440023367980 5117259440023367980 1] 36790787
[1 4625117666449960784 4625117666449960784 1] 39165480
[1 2041583049155452133 2041583049155452133 1] 36490753
[1 6522882028041492777 6522882028041492777 1] 37368878
[1 973789200653990917 973789200653990917 1] 36898063
[1 2362446847867864768 2362446847867864768 2] 39469159
[1 7332313593179142680 7332313593179142680 1] 36202464
[1 1719904128257064834 1719904128257064834 1] 37791082
[1 437485833847434610 437485833847434610 1] 37341517
[1 1636651290226904642 1636651290226904642 2] 35946943
[1 5052597226054880269 5052597226054880269 1] 35405059
[1 3528843856380800455 3528843856380800455 1] 38038566
[1 4578859820317211203 4578859820317211203 1] 35790968
[1 5324807480767963583 5324807480767963583 1] 34945984
[1 3056935101947936321 3056935101947936321 1] 37674459
[1 1423594309140718664 1423594309140718664 1] 36358248
[1 6621214734279361053 6621214734279361053 1] 34619473
[1 4209816133465409377 4209816133465409377 1] 38864498
[1 5736506011685513855 5736506011685513855 1] 35515370
[1 7083445861159801740 7083445861159801740 2] 37182502
[1 6594731957669765800 6594731957669765800 1] 38960840
[1 3986562849388276295 3986562849388276295 1] 38074150
[1 2484143475827320018 2484143475827320018 1] 37152417
[1 2707865817758435094 2707865817758435094 2] 38187459
[1 640355413593647557 640355413593647557 1] 36532004
[1 452426792638252267 452426792638252267 1] 35591431
[1 6481588027008507250 6481588027008507250 1] 34409326
[1 1644736183561893619 1644736183561893619 1] 35207505
[1 5473673147457920244 5473673147457920244 1] 34507416
[1 2133008165340658745 2133008165340658745 2] 39846252
[1 8702737910597480321 8702737910597480321 1] 35650789
[1 8412781360620923179 8412781360620923179 1] 38992091
[1 7333774302736409712 7333774302736409712 1] 33735932
[1 3479178647540675 3479178647540675 1] 35255966
[1 2961708466183274113 2961708466183274113 1] 36891834
[1 1368790009816293228 1368790009816293228 1] 38404707
[1 2759567550678525695 2759567550678525695 1] 35591913
[1 6055407793846710881 6055407793846710881 1] 40436155
[1 5176237346285668561 5176237346285668561 1] 37201028
[1 734592446513182065 734592446513182065 1] 38996102
[1 4691797828371083882 4691797828371083882 1] 37708932
[1 679668748513524537 679668748513524537 1] 40364703
[1 7158620314122222797 7158620314122222797 1] 37446307
[1 7706805436886922124 7706805436886922124 2] 38172686
[1 7110941327427811963 7110941327427811963 1] 38891139
[1 3020197751155015731 3020197751155015731 1] 37177988
[1 8247772754584940318 8247772754584940318 2] 36682057
[1 530152528428158153 530152528428158153 1] 38948946
[1 7192606909766198139 7192606909766198139 1] 36863873
[1 1202761757499872340 1202761757499872340 1] 40818702
[1 2667704554060079793 2667704554060079793 1] 39821230
[1 2957636182858896333 2957636182858896333 2] 41755814
[1 5546712864438187884 5546712864438187884 2] 39741445
[1 3591483698894380682 3591483698894380682 1] 39196093
[1 7245315310219989943 7245315310219989943 1] 37957865
[1 2323980267231403843 2323980267231403843 1] 39350009
[1 1768727318966947693 1768727318966947693 1] 41798038
[1 8440570705697865874 8440570705697865874 1] 41090801
[1 6149652210555691411 6149652210555691411 1] 37956425
[1 1688850359566875913 1688850359566875913 1] 40069358
[1 7056397236067230492 7056397236067230492 1] 41205354
[1 2563537891305446661 2563537891305446661 1] 38909151
[1 4691756201951388191 4691756201951388191 2] 41339461
[1 2235922858539825506 2235922858539825506 2] 40691371
[1 7981168371649140750 7981168371649140750 1] 40557270
[1 6066106939692475731 6066106939692475731 1] 42538914
[1 5669426629233161698 5669426629233161698 2] 40981094
[1 2615394154833410180 2615394154833410180 2] 42667053
[1 5014386525507742238 5014386525507742238 1] 41127459
[1 5725871939025734469 5725871939025734469 1] 44458751
[1 410608344853378961 410608344853378961 1] 44058920
[1 8995744019898056167 8995744019898056167 2] 40700420
[1 7110941327427811963 7110941327427811963 1] 43371934
[1 3083784089075866630 3083784089075866630 1] 44972783
[1 5713795303067392837 5713795303067392837 1] 44504053
[1 4510541111714514722 4510541111714514722 1] 46316349
[1 7959351501206635075 7959351501206635075 1] 43713648
[1 25427740488377879 25427740488377879 1] 45788591
[1 3479178647540675 3479178647540675 1] 44755536
[1 88656058469450104 88656058469450104 1] 45668814
[1 6481588027008507250 6481588027008507250 2] 42095922
[1 6326565546618157095 6326565546618157095 1] 45359420
[1 6186662527931605646 6186662527931605646 1] 45475742
[1 1978023411655590551 1978023411655590551 2] 46900589
[1 878321853308119927 878321853308119927 1] 45709822
[1 6395973630409952388 6395973630409952388 1] 48269151
[1 7100115956698684273 7100115956698684273 1] 49378458
[1 734592446513182065 734592446513182065 2] 47676204
[1 988160916272038329 988160916272038329 1] 48820405
[1 2951302292927883595 2951302292927883595 2] 49363683
[1 1504946346371376639 1504946346371376639 1] 48180294
[1 7720741887896933514 7720741887896933514 1] 49973855
[1 242630997870908240 242630997870908240 1] 50398763
[1 6205895507568252281 6205895507568252281 1] 52048410
[1 9005756381983941198 9005756381983941198 2] 50598201
[1 1786797960415602363 1786797960415602363 1] 52211687
[1 4163859357572880609 4163859357572880609 2] 51063629
[1 5714036118562183164 5714036118562183164 1] 52865646
[1 6209632935000529379 6209632935000529379 1] 52948844
[1 6181441921403116218 6181441921403116218 1] 51764560
[1 8809647106421131765 8809647106421131765 1] 52608592
[1 5176237346285668561 5176237346285668561 2] 53220633
[1 8564099665671196488 8564099665671196488 1] 51584470
[1 2235922858539825506 2235922858539825506 2] 53162295
[1 2362446847867864768 2362446847867864768 1] 55140031
[1 6925495995205485527 6925495995205485527 1] 51584523
[1 6423505784789735895 6423505784789735895 1] 55194533
[1 7720741887896933514 7720741887896933514 1] 54541155
[1 1382217281421510153 1382217281421510153 1] 54575200
[1 8041029694233392263 8041029694233392263 1] 53982520
[1 2372462708566917683 2372462708566917683 1] 53242424
[1 5817082888557953243 5817082888557953243 1] 52840164
[1 5461490872532999296 5461490872532999296 1] 57989681
[1 2404287123253513670 2404287123253513670 1] 54780297
[1 6423505784789735895 6423505784789735895 1] 56003073
[1 8563765941803923471 8563765941803923471 1] 53502332
[1 500671477540433317 500671477540433317 1] 52370296
[1 2608619040719086023 2608619040719086023 3] 52109036
[1 3353633611168371839 3353633611168371839 1] 55290832
[1 6604409028890398458 6604409028890398458 1] 57178475
[1 7324426078548096937 7324426078548096937 1] 54256890
[1 7510828775444520032 7510828775444520032 2] 57687462
[1 5874308926547513054 5874308926547513054 1] 53913783
[1 2450391230438655829 2450391230438655829 2] 53734264
[1 988160916272038329 988160916272038329 1] 57577560
[1 4484334342182807094 4484334342182807094 1] 57474912
[1 2493455707987002135 2493455707987002135 1] 58563697
[1 2902775518149563928 2902775518149563928 1] 56847612
[1 4484334342182807094 4484334342182807094 1] 57177054
[1 1269328546397533139 1269328546397533139 2] 56665560
[1 276888136506025886 276888136506025886 2] 54322702
[1 6703236880448854912 6703236880448854912 1] 54108920
[1 3974662310833503936 3974662310833503936 1] 55920175
[1 1561759295924222778 1561759295924222778 1] 54246166
[1 4820322273056665644 4820322273056665644 2] 53722101
[1 3886006343053199902 3886006343053199902 2] 58619604
[1 2041583049155452133 2041583049155452133 1] 54038464
[1 203360083600135 203360083600135 1] 58258748
[1 2293484174238985569 2293484174238985569 1] 56230785
[1 3696240554012026355 3696240554012026355 2] 56958764
[1 8334537738724480724 8334537738724480724 1] 59981359
[1 4797939815326154120 4797939815326154120 1] 56531118
[1 8252111918419446115 8252111918419446115 2] 57145312
[1 1867263731343969693 1867263731343969693 3] 55377547
[1 4384589494785995572 4384589494785995572 1] 56247336
[1 6177450513648811962 6177450513648811962 1] 58917975
[1 2607819402521596392 2607819402521596392 1] 61249426
[1 6739269202183663694 6739269202183663694 1] 60067877
[1 299017200798257185 299017200798257185 1] 58186823
[1 3138865914211987353 3138865914211987353 1] 57662933
[1 6488079815406579091 6488079815406579091 1] 60897290
[1 5683827663076204202 5683827663076204202 1] 61428060
[1 7120628415427462898 7120628415427462898 1] 62572046
[1 2133008165340658745 2133008165340658745 1] 61996890
[1 8323076437721295431 8323076437721295431 1] 62376793
[1 4252224425837930793 4252224425837930793 2] 64086797
[1 3826047074646187463 3826047074646187463 3] 64227897
[1 6419016279972728470 6419016279972728470 1] 63220186
[1 2976705648500278632 2976705648500278632 1] 65199166
[1 4425898825351802169 4425898825351802169 1] 65838535
[1 4733706822608317943 4733706822608317943 1] 63780449
[1 5450699390666749467 5450699390666749467 2] 66773494
[1 8241663919943639456 8241663919943639456 2] 63208231
[1 5014386525507742238 5014386525507742238 2] 62851791
[1 5241294535549771651 5241294535549771651 1] 65863195
[1 7368996169136332484 7368996169136332484 1] 68158077
[1 1884956663311175979 1884956663311175979 1] 64832776
[1 2423815736635418286 2423815736635418286 1] 68730354
[1 1678276299793924385 1678276299793924385 1] 64623770
[1 1304777749071274024 1304777749071274024 1] 66211015
[1 1854585463930301578 1854585463930301578 2] 67963517
[1 223440886057325973 223440886057325973 1] 65303960
[1 1924337394457498805 1924337394457498805 1] 65070735
[1 7209400215156338394 7209400215156338394 1] 67848336
[1 4418402178925663952 4418402178925663952 1] 65849330
[1 4691797828371083882 4691797828371083882 1] 65956328
[1 4222454969874026056 4222454969874026056 1] 69165681
[1 4406391457682319264 4406391457682319264 1] 65208072
[1 3152585022778420104 3152585022778420104 1] 67824708
[1 7299155276803035682 7299155276803035682 2] 67547589
[1 4500479876494902112 4500479876494902112 1] 69555430
[1 3598152335177071450 3598152335177071450 1] 68840591
[1 4027925441411345145 4027925441411345145 1] 68424208
[1 689675894688195993 689675894688195993 3] 70004197
[1 3000089680693884276 3000089680693884276 1] 67287527
[1 6262913009910473627 6262913009910473627 2] 68174882
[1 7869124646731260012 7869124646731260012 1] 68170114
[1 2835083123487432119 2835083123487432119 1] 70632644
[1 3623210729123536364 3623210729123536364 1] 67249845
[1 5024005365786298224 5024005365786298224 1] 67116714
[1 7368996169136332484 7368996169136332484 1] 72444111
[1 4015823473805546899 4015823473805546899 5] 67781845
[1 7564496488149924340 7564496488149924340 1] 71467980
[1 2827089930206818739 2827089930206818739 1] 70906575
[1 6226373918551262700 6226373918551262700 1] 71229295
[1 6363021835326843386 6363021835326843386 2] 70977911
[1 7179133576396330540 7179133576396330540 1] 71326264
[1 2157580786496160311 2157580786496160311 1] 69811649
[1 8323076437721295431 8323076437721295431 1] 71824224
[1 3124105503555707103 3124105503555707103 1] 72878394
[1 4915037906597823323 4915037906597823323 2] 74817919
[1 1454450557457318903 1454450557457318903 1] 73746598
[1 349380747702939018 349380747702939018 1] 72231839
[1 6213734397409716068 6213734397409716068 1] 73032245
[1 2227581384246786948 2227581384246786948 2] 72135812
[1 5500881474334741535 5500881474334741535 1] 74302216
[1 9183589395669793795 9183589395669793795 3] 73423080
[1 9169583293910868445 9169583293910868445 2] 74504245
[1 59732288773997284 59732288773997284 1] 73214722
[1 3214214179010442975 3214214179010442975 1] 73872739
[1 1593626704767875777 1593626704767875777 1] 73257161
[1 5473673147457920244 5473673147457920244 2] 72154041
[1 8630570987576487364 8630570987576487364 2] 73016847
[1 8893467400613295245 8893467400613295245 1] 76029982
[1 1553351868169198524 1553351868169198524 1] 77292402
[1 625752405965824007 625752405965824007 1] 73722133
[1 299017200798257185 299017200798257185 1] 73514389
[1 2140556533628101617 2140556533628101617 1] 77257686
[1 6970694805512411920 6970694805512411920 1] 75624877
[1 2486595304839889068 2486595304839889068 1] 78940997
[1 4026086645963848132 4026086645963848132 2] 75346267
[1 229896673213272955 229896673213272955 1] 76146804
[1 8016351889049416839 8016351889049416839 1] 74598022
[1 8202655399220147698 8202655399220147698 1] 78223220
[1 8975326870130194698 8975326870130194698 3] 77176164
[1 3085979894660728460 3085979894660728460 1] 79262346
[1 3551412392854034839 3551412392854034839 1] 75745492
[1 7747829096060162138 7747829096060162138 2] 79513881
[1 7510828775444520032 7510828775444520032 1] 79886065
[1 299017200798257185 299017200798257185 1] 77529834
[1 5297166931528432832 5297166931528432832 1] 76460642
[1 6739269202183663694 6739269202183663694 1] 80081921
[1 1725622992376502676 1725622992376502676 1] 78287195
[1 2036623190647379945 2036623190647379945 1] 77111748
[1 2362446847867864768 2362446847867864768 1] 80251783
[1 2001166196017553488 2001166196017553488 1] 79917430
[1 1884956663311175979 1884956663311175979 1] 78574680
[1 851669798651112196 851669798651112196 1] 81521080
[1 5500881474334741535 5500881474334741535 1] 80973566
[1 9151380673007977908 9151380673007977908 1] 80410023
[1 4691797828371083882 4691797828371083882 1] 80067912
[1 7517452838639578111 7517452838639578111 1] 82140035
[1 4507991751251991033 4507991751251991033 2] 79798466
[1 1614412163847339262 1614412163847339262 1] 82620549
[1 5755401317025159328 5755401317025159328 2] 84313044
[1 3437416573735018505 3437416573735018505 3] 84661139
[1 5241294535549771651 5241294535549771651 1] 82778196
[1 5107134308154167798 5107134308154167798 1] 82378977
[1 194901708358462687 194901708358462687 2] 83751715
[1 6205895507568252281 6205895507568252281 2] 84857839
[1 2041583049155452133 2041583049155452133 1] 81704827
[1 543933806449348227 543933806449348227 1] 83520147
[1 6185917551594629304 6185917551594629304 2] 82767040
[1 7299155276803035682 7299155276803035682 1] 84747704
[1 1722029683006977194 1722029683006977194 1] 81698587
[1 9155751192519472533 9155751192519472533 2] 83216661
[1 2618618167630672639 2618618167630672639 1] 84332243
[1 9159754158668839195 9159754158668839195 1] 82852327
[1 65281072076987413 65281072076987413 1] 86658851
[1 4099148554325651570 4099148554325651570 1] 84837635
[1 3238343641129302562 3238343641129302562 1] 82280130
[1 3050426382748096295 3050426382748096295 1] 81799579
[1 6193892421126438851 6193892421126438851 1] 86276608
[1 1360065137967046495 1360065137967046495 1] 84081367
[1 48832448058756721 48832448058756721 1] 86774531
[1 6634139786050018099 6634139786050018099 2] 85033286
[1 5229046199357839544 5229046199357839544 1] 88246637
[1 4788619936662578573 4788619936662578573 1] 84067223
[1 2876673555300728176 2876673555300728176 1] 83396223
[1 6068184192940086614 6068184192940086614 1] 83190367
[1 3825484426898516968 3825484426898516968 1] 85097245
[1 3118897387058355560 3118897387058355560 1] 87133355
[1 8431229861670639890 8431229861670639890 2] 86146500
[1 7994315882091944877 7994315882091944877 1] 83633439
[1 2011507969556361442 2011507969556361442 3] 84506391
[1 2864272377452065603 2864272377452065603 1] 82913058
[1 3323917135184132368 3323917135184132368 1] 84254433
[1 4797967690028934828 4797967690028934828 1] 86929844
[1 6703236880448854912 6703236880448854912 1] 82537890
[1 5546712864438187884 5546712864438187884 2] 85585882
[1 5485601491826763989 5485601491826763989 1] 87328432
[1 4796486870859907895 4796486870859907895 2] 88059766
[1 849028205199832660 849028205199832660 1] 88056836
[1 8076977809448368124 8076977809448368124 1] 87089717
[1 5986129245866449318 5986129245866449318 2] 86779641
[1 5354268917699786618 5354268917699786618 3] 88355469
[1 2064283110255756181 2064283110255756181 1] 87539677
[1 2205165417162652025 2205165417162652025 1] 88895884
[1 7142060684707465094 7142060684707465094 1] 91441696
[1 2120424062882406441 2120424062882406441 1] 90171855
[1 9103212061064693684 9103212061064693684 1] 91491049
[1 188298230885325765 188298230885325765 1] 91611395
[1 2424978053906544983 2424978053906544983 2] 91600321
[1 8041029694233392263 8041029694233392263 1] 91242061
[1 1595216937875681042 1595216937875681042 1] 90559951
[1 4883405915094461300 4883405915094461300 1] 89781865
[1 2022627511747153027 2022627511747153027 1] 90477176
[1 4592078462031078872 4592078462031078872 1] 93501249
[1 8000834349983649866 8000834349983649866 1] 89531076
[1 4384589494785995572 4384589494785995572 1] 90749962
[1 6823946754451631503 6823946754451631503 2] 90786157
[1 988160916272038329 988160916272038329 1] 95553834
[1 1424369261892339430 1424369261892339430 1] 90978478
[1 4875544784048692535 4875544784048692535 1] 95483064
[1 6852174564495416637 6852174564495416637 1] 91299390
[1 8700691002382498920 8700691002382498920 2] 92655846
[1 4844949585521619135 4844949585521619135 1] 93881537
[1 8049069275503338697 8049069275503338697 1] 90342175
[1 2793302479550237922 2793302479550237922 1] 93453287
[1 9022785980070915029 9022785980070915029 1] 93442844
[1 701494828689885731 701494828689885731 1] 93227193
[1 7142060684707465094 7142060684707465094 1] 95962910
[1 8821501642743306362 8821501642743306362 1] 93306231
[1 6952490968568682087 6952490968568682087 3] 95323145
[1 6998821099070004528 6998821099070004528 1] 92920342
[1 4830545170749636423 4830545170749636423 1] 94021639
[1 2198995162393314789 2198995162393314789 1] 94053352
[1 4844949585521619135 4844949585521619135 2] 96380843
[1 4288892856806979704 4288892856806979704 1] 96002158
[1 4015823473805546899 4015823473805546899 4] 94789792
[1 5631751142733051896 5631751142733051896 1] 98621164
[1 6561925948977092120 6561925948977092120 1] 98317656
[1 8085813531550349624 8085813531550349624 1] 99021062
[1 2709647364889915335 2709647364889915335 1] 97259255
[1 3627835602481942037 3627835602481942037 1] 96069881
[1 4510541111714514722 4510541111714514722 1] 99523934
[1 6130285853796231840 6130285853796231840 1] 99060453
[1 8435826721278301564 8435826721278301564 1] 100157775
[1 2331712595250935370 2331712595250935370 2] 99908183
[1 3630819551911263507 3630819551911263507 1] 98343026
[1 7417242198367371556 7417242198367371556 1] 99455042
[1 7429286906279962938 7429286906279962938 1] 100449419
[1 7389112309294576947 7389112309294576947 1] 97397726
[1 7748286944495210337 7748286944495210337 1] 99625223
[1 3598152335177071450 3598152335177071450 1] 101036115
[1 7666600720089571738 7666600720089571738 1] 98338360
[1 731528610936587692 731528610936587692 1] 99652352
[1 925489951527172442 925489951527172442 2] 100565950
[1 8202655399220147698 8202655399220147698 1] 102936008
[1 553647227764677031 553647227764677031 1] 101097833
[1 6371807650002478135 6371807650002478135 1] 99290375
[1 5425516575798474589 5425516575798474589 1] 102018925
[1 9093069635974834502 9093069635974834502 1] 102281982
[1 2835083123487432119 2835083123487432119 1] 102715873
[1 3802630639766380902 3802630639766380902 1] 102921786
[1 6848931212267917758 6848931212267917758 1] 103271181
[1 3270894045819665068 3270894045819665068 1] 102766172
[1 8695833067122986974 8695833067122986974 1] 104999553
[1 5150142070296594151 5150142070296594151 1] 105390715
[1 4829806834806069095 4829806834806069095 1] 103919911
[1 2119836625889007683 2119836625889007683 1] 104198302
[1 8881303685028862752 8881303685028862752 1] 104870348
[1 6432042097056548521 6432042097056548521 2] 107982639
[1 8211504703302327976 8211504703302327976 1] 106303406
[1 297235643465463964 297235643465463964 1] 105094877
[1 1621348943214056335 1621348943214056335 1] 104554474
[1 8629128849052958505 8629128849052958505 1] 108370961
[1 3242396995744804275 3242396995744804275 1] 106777654
[1 711455819273820196 711455819273820196 3] 104995550
[1 5052597226054880269 5052597226054880269 1] 103851846
[1 3056935101947936321 3056935101947936321 1] 106947382
[1 1355927245067212915 1355927245067212915 1] 108191965
[1 977087498677857140 977087498677857140 1] 107047059
[1 7371073606673973570 7371073606673973570 1] 104081073
[1 1484018877497371275 1484018877497371275 1] 106142644
[1 2203571038549539961 2203571038549539961 1] 105998729
[1 7110941327427811963 7110941327427811963 3] 106058598
[1 2707595407263261625 2707595407263261625 1] 107499659
[1 2962545965813180974 2962545965813180974 2] 107384048
[1 5936183028726751227 5936183028726751227 1] 111014341
[1 3802630639766380902 3802630639766380902 1] 109315145
[1 4083624127542346505 4083624127542346505 1] 111447283
[1 2399306794801506202 2399306794801506202 1] 110555391
[1 1462016017418150047 1462016017418150047 1] 111194188
[1 5176163379549967172 5176163379549967172 1] 111273303
[1 3005566175882605799 3005566175882605799 1] 112787863
[1 6066106939692475731 6066106939692475731 1] 113712151
[1 8231282189211272819 8231282189211272819 1] 114326389
[1 4234631196062076110 4234631196062076110 1] 113697169
[1 2924808948485632371 2924808948485632371 1] 115974535
[1 3304347138197720766 3304347138197720766 1] 115459610
[1 8524912434673173885 8524912434673173885 2] 114618796
[1 4910815155141359377 4910815155141359377 1] 114736179
[1 1368790009816293228 1368790009816293228 1] 117021784
[1 5995556779380115553 5995556779380115553 1] 115337912
[1 2024667237626825566 2024667237626825566 1] 117298733
[1 9125410194183399692 9125410194183399692 3] 115854103
[1 5817082888557953243 5817082888557953243 1] 114252032
[1 6498154317312207707 6498154317312207707 1] 114524962
[1 2915401631087558806 2915401631087558806 1] 115819701
[1 5567888328640872059 5567888328640872059 1] 113619184
[1 3502860699208845159 3502860699208845159 1] 114500173
[1 3406049285641662091 3406049285641662091 1] 117141300
[1 854377241408973052 854377241408973052 1] 113995898
[1 4515549523596162363 4515549523596162363 4] 118941876
[1 4027925441411345145 4027925441411345145 1] 115669139
[1 9109751937899850269 9109751937899850269 1] 115787973
[1 7270893361234812399 7270893361234812399 1] 115386185
[1 2186660085480521359 2186660085480521359 1] 116221213
[1 2745496139622541367 2745496139622541367 1] 119075531
[1 6988592591068914289 6988592591068914289 1] 116764111
[1 1514311065984797111 1514311065984797111 1] 115892663
[1 8906605091214042257 8906605091214042257 1] 119401992
[1 4829806834806069095 4829806834806069095 1] 117667907
[1 2671445710972641548 2671445710972641548 1] 119022892
[1 5023112104351724990 5023112104351724990 1] 120559783
[1 7782878846569149117 7782878846569149117 1] 118229853
[1 8729075079655696675 8729075079655696675 1] 119490179
[1 1202761757499872340 1202761757499872340 1] 120060228

Prio stats: 399 79 18 2 2 0 0 0 0 0 0 0 0 0 0 0 
Results: 100.00 79912479
**********************************
DTU - OS Challenge - Client v0.20
**********************************
Total requests: 500
Start: Random
Difficulty: 30000000
Repetition probability (%): 20
Request delay (us): 600000
Priority enabled - lambda: 1.50

[1 2534080848504833637 2534080848504833637 1] 4772812
[1 734592446513182065 734592446513182065 2] 4357464
[1 144573006434803742 144573006434803742 1] 5525283
[1 2362446847867864768 2362446847867864768 1] 5161146
[1 2793302479550237922 2793302479550237922 1] 5276883
[1 7579227685816234595 7579227685816234595 3] 6856350
[1 4402948556259363451 4402948556259363451 1] 7481384
[1 734592446513182065 734592446513182065 2] 7304746
[1 1511323233739817806 1511323233739817806 1] 8255688
[1 775798024421069700 775798024421069700 1] 5911875
[1 734592446513182065 734592446513182065 1] 8726533
[1 4325101186680591916 4325101186680591916 1] 10648121
[1 2362446847867864768 2362446847867864768 1] 10325986
[1 7413609510133063015 7413609510133063015 1] 8806968
[1 194901708358462687 194901708358462687 1] 9637482
[1 4539981729959298355 4539981729959298355 1] 10421172
[1 2362446847867864768 2362446847867864768 1] 11930022
[1 65281072076987413 65281072076987413 1] 13510486
[1 8813438948783652661 8813438948783652661 1] 14125855
[1 6481588027008507250 6481588027008507250 1] 11127474
[1 2423815736635418286 2423815736635418286 1] 13036819
[1 6427445919344566720 6427445919344566720 1] 15545213
[1 5546712864438187884 5546712864438187884 2] 13174944
[1 1504946346371376639 1504946346371376639 2] 13780510
[1 3826047074646187463 3826047074646187463 1] 16372925
[1 2423815736635418286 2423815736635418286 1] 15905954
[1 3118897387058355560 3118897387058355560 2] 15627921
[1 9063614686281648555 9063614686281648555 1] 17421470
[1 7457640055946008668 7457640055946008668 1] 17931733
[1 6224901217148171972 6224901217148171972 1] 18072690
[1 2404287123253513670 2404287123253513670 1] 18073123
[1 7120628415427462898 7120628415427462898 1] 19395953
[1 2534080848504833637 2534080848504833637 3] 19872031
[1 6184224123268371659 6184224123268371659 5] 20418302
[1 65281072076987413 65281072076987413 1] 21624815
[1 4881638827078685502 4881638827078685502 2] 20146265
[1 7056397236067230492 7056397236067230492 3] 20806788
[1 5082294164254468326 5082294164254468326 1] 22806799
[1 4475106793237928676 4475106793237928676 1] 21359444
[1 3604631005327317358 3604631005327317358 1] 23328241
[1 3152585022778420104 3152585022778420104 3] 22839285
[1 8813438948783652661 8813438948783652661 1] 25151111
[1 2024667237626825566 2024667237626825566 1] 24574390
[1 5853151758892767402 5853151758892767402 2] 24024492
[1 1755710550109762647 1755710550109762647 1] 24702058
[1 543933806449348227 543933806449348227 3] 23939849
[1 2362446847867864768 2362446847867864768 1] 26023838
[1 6481617086072149703 6481617086072149703 1] 23894794
[1 1867263731343969693 1867263731343969693 1] 24513204
[1 8469120784247382523 8469120784247382523 2] 24382642
[1 6224901217148171972 6224901217148171972 1] 28164010
[1 194901708358462687 194901708358462687 1] 26741686
[1 3826047074646187463 3826047074646187463 1] 28743318
[1 8412094805934371413 8412094805934371413 1] 25692458
[1 4238356272867122178 4238356272867122178 1] 24779387
[1 3322115445419574041 3322115445419574041 1] 25253435
[1 3990301012644747093 3990301012644747093 1] 27808700
[1 4568262719152854072 4568262719152854072 1] 29222514
[1 6677788738934613478 6677788738934613478 1] 28197635
[1 2034601758941119156 2034601758941119156 1] 25737619
[1 188298230885325765 188298230885325765 1] 28238266
[1 5546712864438187884 5546712864438187884 1] 28204397
[1 2041583049155452133 2041583049155452133 1] 26749964
[1 6488079815406579091 6488079815406579091 2] 29868153
[1 6149652210555691411 6149652210555691411 1] 25518549
[1 3274168525665820313 3274168525665820313 1] 28027100
[1 7192606909766198139 7192606909766198139 2] 27172512
[1 4387800982861812278 4387800982861812278 1] 25399726
[1 299017200798257185 299017200798257185 1] 25822551
[1 8959350751557039550 8959350751557039550 1] 28884024
[1 1691493319748746388 1691493319748746388 1] 30703211
[1 6459227495295035902 6459227495295035902 2] 29785155
[1 830539103387696557 830539103387696557 1] 28726298
[1 6423505784789735895 6423505784789735895 2] 30391037
[1 6143266650014896614 6143266650014896614 2] 31648998
[1 7486420996130192751 7486420996130192751 1] 30290328
[1 4783208449973014378 4783208449973014378 1] 31714190
[1 9003525225793406809 9003525225793406809 1] 30610090
[1 1368790009816293228 1368790009816293228 1] 33049939
[1 4889044544488955645 4889044544488955645 1] 33917470
[1 188298230885325765 188298230885325765 1] 33282760
[1 4063616305869320469 4063616305869320469 1] 33311674
[1 1754341443584370596 1754341443584370596 1] 35136341
[1 5014386525507742238 5014386525507742238 1] 32950700
[1 1202761757499872340 1202761757499872340 1] 34806669
[1 1643096707707766227 1643096707707766227 1] 36212732
[1 2016187078435865310 2016187078435865310 1] 33049770
[1 4571494471588410399 4571494471588410399 1] 35642172
[1 1623711085914951513 1623711085914951513 1] 35362832
[1 2899810306460920575 2899810306460920575 1] 37922496
[1 7648070865145929565 7648070865145929565 2] 36780653
[1 4625117666449960784 4625117666449960784 1] 37823309
[1 5117259440023367980 5117259440023367980 1] 36120022
[1 2041583049155452133 2041583049155452133 1] 35730008
[1 6522882028041492777 6522882028041492777 1] 36521800
[1 2362446847867864768 2362446847867864768 2] 37932620
[1 973789200653990917 973789200653990917 1] 35636587
[1 7332313593179142680 7332313593179142680 1] 34800566
[1 1636651290226904642 1636651290226904642 2] 34445851
[1 1719904128257064834 1719904128257064834 1] 37024344
[1 437485833847434610 437485833847434610 1] 36486361
[1 3528843856380800455 3528843856380800455 1] 36539390
[1 5052597226054880269 5052597226054880269 1] 34142142
[1 4578859820317211203 4578859820317211203 1] 34528105
[1 5324807480767963583 5324807480767963583 1] 33709810
[1 3056935101947936321 3056935101947936321 1] 36712574
[1 1423594309140718664 1423594309140718664 1] 34914053
[1 6621214734279361053 6621214734279361053 1] 33656713
[1 4209816133465409377 4209816133465409377 1] 37974324
[1 5736506011685513855 5736506011685513855 1] 34623727
[1 7083445861159801740 7083445861159801740 2] 35847006
[1 6594731957669765800 6594731957669765800 1] 37630201
[1 3986562849388276295 3986562849388276295 1] 37046451
[1 2484143475827320018 2484143475827320018 1] 35816813
[1 2707865817758435094 2707865817758435094 2] 37260455
[1 640355413593647557 640355413593647557 1] 35498409
[1 452426792638252267 452426792638252267 1] 34682353
[1 6481588027008507250 6481588027008507250 1] 33499738
[1 1644736183561893619 1644736183561893619 1] 34178699
[1 5473673147457920244 5473673147457920244 1] 33605261
[1 2133008165340658745 2133008165340658745 2] 38378565
[1 8702737910597480321 8702737910597480321 1] 34671091
[1 8412781360620923179 8412781360620923179 1] 37703494
[1 7333774302736409712 7333774302736409712 1] 32444411
[1 3479178647540675 3479178647540675 1] 33892230
[1 2961708466183274113 2961708466183274113 1] 35800302
[1 2759567550678525695 2759567550678525695 1] 34202424
[1 1368790009816293228 1368790009816293228 1] 37443869
[1 6055407793846710881 6055407793846710881 1] 38715948
[1 5176237346285668561 5176237346285668561 1] 35994577
[1 4691797828371083882 4691797828371083882 1] 35950654
[1 734592446513182065 734592446513182065 1] 37848158
[1 7158620314122222797 7158620314122222797 1] 35894026
[1 7706805436886922124 7706805436886922124 2] 37122554
[1 679668748513524537 679668748513524537 1] 39534567
[1 7110941327427811963 7110941327427811963 1] 37879136
[1 3020197751155015731 3020197751155015731 1] 36125074
[1 8247772754584940318 8247772754584940318 2] 35617117
[1 530152528428158153 530152528428158153 1] 37897456
[1 7192606909766198139 7192606909766198139 1] 35776980
[1 1202761757499872340 1202761757499872340 1] 39411843
[1 2667704554060079793 2667704554060079793 1] 38665884
[1 5546712864438187884 5546712864438187884 2] 38319503
[1 2957636182858896333 2957636182858896333 2] 40733976
[1 3591483698894380682 3591483698894380682 1] 37966947
[1 7245315310219989943 7245315310219989943 1] 36731723
[1 2323980267231403843 2323980267231403843 1] 37997392
[1 1768727318966947693 1768727318966947693 1] 40642038
[1 8440570705697865874 8440570705697865874 1] 40114032
[1 6149652210555691411 6149652210555691411 1] 36974214
[1 1688850359566875913 1688850359566875913 1] 38807312
[1 7056397236067230492 7056397236067230492 1] 40098991
[1 4691756201951388191 4691756201951388191 2] 40165896
[1 2563537891305446661 2563537891305446661 1] 37813437
[1 2235922858539825506 2235922858539825506 2] 39402622
[1 7981168371649140750 7981168371649140750 1] 39358783
[1 6066106939692475731 6066106939692475731 1] 41664689
[1 5669426629233161698 5669426629233161698 2] 39982613
[1 2615394154833410180 2615394154833410180 2] 41366502
[1 5014386525507742238 5014386525507742238 1] 39820711
[1 410608344853378961 410608344853378961 1] 42610356
[1 5725871939025734469 5725871939025734469 1] 43353478
[1 8995744019898056167 8995744019898056167 2] 39475747
[1 7110941327427811963 7110941327427811963 1] 42126434
[1 3083784089075866630 3083784089075866630 1] 44082446
[1 5713795303067392837 5713795303067392837 1] 43301536
[1 4510541111714514722 4510541111714514722 1] 45127775
[1 7959351501206635075 7959351501206635075 1] 42541605
[1 25427740488377879 25427740488377879 1] 44596503
[1 3479178647540675 3479178647540675 1] 43582965
[1 88656058469450104 88656058469450104 1] 44828505
[1 6481588027008507250 6481588027008507250 2] 41251447
[1 6326565546618157095 6326565546618157095 1] 44150739
[1 6186662527931605646 6186662527931605646 1] 44312155
[1 1978023411655590551 1978023411655590551 2] 45718036
[1 878321853308119927 878321853308119927 1] 44861902
[1 6395973630409952388 6395973630409952388 1] 47186286
[1 7100115956698684273 7100115956698684273 1] 48081406
[1 734592446513182065 734592446513182065 2] 46790984
[1 988160916272038329 988160916272038329 1] 47573566
[1 2951302292927883595 2951302292927883595 2] 48209887
[1 1504946346371376639 1504946346371376639 1] 47003729
[1 7720741887896933514 7720741887896933514 1] 48976464
[1 242630997870908240 242630997870908240 1] 49134919
[1 6205895507568252281 6205895507568252281 1] 50675642
[1 9005756381983941198 9005756381983941198 2] 49540019
[1 1786797960415602363 1786797960415602363 1] 51281858
[1 4163859357572880609 4163859357572880609 2] 50021084
[1 5714036118562183164 5714036118562183164 1] 51674684
[1 6209632935000529379 6209632935000529379 1] 51465394
[1 6181441921403116218 6181441921403116218 1] 50505224
[1 8809647106421131765 8809647106421131765 1] 51541729
[1 5176237346285668561 5176237346285668561 2] 52231705
[1 8564099665671196488 8564099665671196488 1] 50552465
[1 2362446847867864768 2362446847867864768 1] 53417721
[1 2235922858539825506 2235922858539825506 2] 52215941
[1 6925495995205485527 6925495995205485527 1] 50457733
[1 6423505784789735895 6423505784789735895 1] 53876753
[1 7720741887896933514 7720741887896933514 1] 53347066
[1 8041029694233392263 8041029694233392263 1] 52539036
[1 1382217281421510153 1382217281421510153 1] 53248702
[1 2372462708566917683 2372462708566917683 1] 51791868
[1 5817082888557953243 5817082888557953243 1] 51396004
[1 5461490872532999296 5461490872532999296 1] 56261683
[1 2404287123253513670 2404287123253513670 1] 53333782
[1 8563765941803923471 8563765941803923471 1] 51815160
[1 6423505784789735895 6423505784789735895 1] 54836071
[1 500671477540433317 500671477540433317 1] 50711626
[1 2608619040719086023 2608619040719086023 3] 50436317
[1 3353633611168371839 3353633611168371839 1] 53855275
[1 6604409028890398458 6604409028890398458 1] 55519932
[1 7324426078548096937 7324426078548096937 1] 52776697
[1 7510828775444520032 7510828775444520032 2] 56435444
[1 5874308926547513054 5874308926547513054 1] 52682128
[1 2450391230438655829 2450391230438655829 2] 52518933
[1 988160916272038329 988160916272038329 1] 55770839
[1 4484334342182807094 4484334342182807094 1] 55606054
[1 2493455707987002135 2493455707987002135 1] 57093149
[1 2902775518149563928 2902775518149563928 1] 55701813
[1 4484334342182807094 4484334342182807094 1] 55299142
[1 1269328546397533139 1269328546397533139 2] 54802537
[1 276888136506025886 276888136506025886 2] 52459858
[1 6703236880448854912 6703236880448854912 1] 52240021
[1 3974662310833503936 3974662310833503936 1] 53996024
[1 1561759295924222778 1561759295924222778 1] 52349913
[1 4820322273056665644 4820322273056665644 2] 51826026
[1 2041583049155452133 2041583049155452133 1] 52202995
[1 3886006343053199902 3886006343053199902 2] 57345774
[1 203360083600135 203360083600135 1] 57297563
[1 2293484174238985569 2293484174238985569 1] 54618049
[1 8334537738724480724 8334537738724480724 1] 58158471
[1 3696240554012026355 3696240554012026355 2] 55633614
[1 4797939815326154120 4797939815326154120 1] 55616706
[1 8252111918419446115 8252111918419446115 2] 55511437
[1 1867263731343969693 1867263731343969693 3] 54407123
[1 4384589494785995572 4384589494785995572 1] 55298166
[1 6177450513648811962 6177450513648811962 1] 57490483
[1 2607819402521596392 2607819402521596392 1] 59412572
[1 6739269202183663694 6739269202183663694 1] 58399766
[1 299017200798257185 299017200798257185 1] 56444749
[1 3138865914211987353 3138865914211987353 1] 55919050
[1 6488079815406579091 6488079815406579091 1] 59935838
[1 5683827663076204202 5683827663076204202 1] 59374176
[1 7120628415427462898 7120628415427462898 1] 61012844
[1 2133008165340658745 2133008165340658745 1] 60140740
[1 8323076437721295431 8323076437721295431 1] 61312279
[1 4252224425837930793 4252224425837930793 2] 61955100
[1 3826047074646187463 3826047074646187463 3] 62660218
[1 6419016279972728470 6419016279972728470 1] 61666870
[1 4425898825351802169 4425898825351802169 1] 64026785
[1 2976705648500278632 2976705648500278632 1] 64104132
[1 5450699390666749467 5450699390666749467 2] 64502108
[1 4733706822608317943 4733706822608317943 1] 62624049
[1 8241663919943639456 8241663919943639456 2] 61463547
[1 5014386525507742238 5014386525507742238 2] 61104622
[1 5241294535549771651 5241294535549771651 1] 64092058
[1 7368996169136332484 7368996169136332484 1] 66501790
[1 1884956663311175979 1884956663311175979 1] 63164889
[1 2423815736635418286 2423815736635418286 1] 66915143
[1 1678276299793924385 1678276299793924385 1] 62918845
[1 1304777749071274024 1304777749071274024 1] 64549546
[1 1854585463930301578 1854585463930301578 2] 66122988
[1 223440886057325973 223440886057325973 1] 63652158
[1 1924337394457498805 1924337394457498805 1] 63246018
[1 7209400215156338394 7209400215156338394 1] 65968645
[1 4418402178925663952 4418402178925663952 1] 64165092
[1 4691797828371083882 4691797828371083882 1] 64054809
[1 4222454969874026056 4222454969874026056 1] 67303262
[1 4406391457682319264 4406391457682319264 1] 63255003
[1 3152585022778420104 3152585022778420104 1] 66073963
[1 7299155276803035682 7299155276803035682 2] 65690106
[1 4500479876494902112 4500479876494902112 1] 67678491
[1 3598152335177071450 3598152335177071450 1] 67046769
[1 4027925441411345145 4027925441411345145 1] 66523079
[1 689675894688195993 689675894688195993 3] 67904183
[1 3000089680693884276 3000089680693884276 1] 65172667
[1 6262913009910473627 6262913009910473627 2] 66287467
[1 7869124646731260012 7869124646731260012 1] 66028084
[1 2835083123487432119 2835083123487432119 1] 68623382
[1 3623210729123536364 3623210729123536364 1] 65263470
[1 5024005365786298224 5024005365786298224 1] 65139831
[1 4015823473805546899 4015823473805546899 5] 65849350
[1 7368996169136332484 7368996169136332484 1] 70665369
[1 2827089930206818739 2827089930206818739 1] 68707669
[1 7564496488149924340 7564496488149924340 1] 69609328
[1 6226373918551262700 6226373918551262700 1] 69325184
[1 6363021835326843386 6363021835326843386 2] 69005166
[1 7179133576396330540 7179133576396330540 1] 69097997
[1 2157580786496160311 2157580786496160311 1] 67569659
[1 8323076437721295431 8323076437721295431 1] 69883933
[1 3124105503555707103 3124105503555707103 1] 70973714
[1 4915037906597823323 4915037906597823323 2] 72809106
[1 1454450557457318903 1454450557457318903 1] 71475536
[1 349380747702939018 349380747702939018 1] 70135451
[1 2227581384246786948 2227581384246786948 2] 69863570
[1 6213734397409716068 6213734397409716068 1] 71085491
[1 5500881474334741535 5500881474334741535 1] 72407187
[1 9183589395669793795 9183589395669793795 3] 71537647
[1 9169583293910868445 9169583293910868445 2] 72508113
[1 3214214179010442975 3214214179010442975 1] 71717670
[1 59732288773997284 59732288773997284 1] 71349750
[1 1593626704767875777 1593626704767875777 1] 71244476
[1 5473673147457920244 5473673147457920244 2] 70170976
[1 8630570987576487364 8630570987576487364 2] 71126671
[1 8893467400613295245 8893467400613295245 1] 73949104
[1 1553351868169198524 1553351868169198524 1] 75298280
[1 625752405965824007 625752405965824007 1] 71815859
[1 299017200798257185 299017200798257185 1] 71493692
[1 2140556533628101617 2140556533628101617 1] 74983230
[1 6970694805512411920 6970694805512411920 1] 73778719
[1 2486595304839889068 2486595304839889068 1] 76707416
[1 4026086645963848132 4026086645963848132 2] 73111882
[1 229896673213272955 229896673213272955 1] 74095102
[1 8016351889049416839 8016351889049416839 1] 72532944
[1 8202655399220147698 8202655399220147698 1] 76047721
[1 3085979894660728460 3085979894660728460 1] 76622094
[1 8975326870130194698 8975326870130194698 3] 74866245
[1 3551412392854034839 3551412392854034839 1] 73132865
[1 7747829096060162138 7747829096060162138 2] 77310459
[1 7510828775444520032 7510828775444520032 1] 77475299
[1 299017200798257185 299017200798257185 1] 75334449
[1 5297166931528432832 5297166931528432832 1] 74270709
[1 6739269202183663694 6739269202183663694 1] 77747015
[1 1725622992376502676 1725622992376502676 1] 75887508
[1 2362446847867864768 2362446847867864768 1] 77651386
[1 2036623190647379945 2036623190647379945 1] 74744259
[1 2001166196017553488 2001166196017553488 1] 77788899
[1 1884956663311175979 1884956663311175979 1] 76082562
[1 851669798651112196 851669798651112196 1] 79111794
[1 5500881474334741535 5500881474334741535 1] 78409209
[1 9151380673007977908 9151380673007977908 1] 78326205
[1 7517452838639578111 7517452838639578111 1] 79718082
[1 4691797828371083882 4691797828371083882 1] 78018189
[1 4507991751251991033 4507991751251991033 2] 77524070
[1 1614412163847339262 1614412163847339262 1] 80021831
[1 5755401317025159328 5755401317025159328 2] 81904625
[1 3437416573735018505 3437416573735018505 3] 82654383
[1 5241294535549771651 5241294535549771651 1] 80338967
[1 194901708358462687 194901708358462687 2] 81030265
[1 5107134308154167798 5107134308154167798 1] 80340802
[1 6205895507568252281 6205895507568252281 2] 82553417
[1 2041583049155452133 2041583049155452133 1] 79455993
[1 543933806449348227 543933806449348227 1] 80941119
[1 6185917551594629304 6185917551594629304 2] 80450929
[1 7299155276803035682 7299155276803035682 1] 82336339
[1 1722029683006977194 1722029683006977194 1] 79327009
[1 9155751192519472533 9155751192519472533 2] 80583533
[1 2618618167630672639 2618618167630672639 1] 81838978
[1 9159754158668839195 9159754158668839195 1] 80133786
[1 65281072076987413 65281072076987413 1] 84372227
[1 4099148554325651570 4099148554325651570 1] 82357074
[1 3238343641129302562 3238343641129302562 1] 79795679
[1 3050426382748096295 3050426382748096295 1] 79313758
[1 6193892421126438851 6193892421126438851 1] 83566372
[1 1360065137967046495 1360065137967046495 1] 81410206
[1 6634139786050018099 6634139786050018099 2] 82570817
[1 48832448058756721 48832448058756721 1] 84531668
[1 5229046199357839544 5229046199357839544 1] 85782119
[1 4788619936662578573 4788619936662578573 1] 81600452
[1 2876673555300728176 2876673555300728176 1] 80850771
[1 6068184192940086614 6068184192940086614 1] 80637197
[1 3825484426898516968 3825484426898516968 1] 82838084
[1 3118897387058355560 3118897387058355560 1] 84529286
[1 8431229861670639890 8431229861670639890 2] 83645061
[1 7994315882091944877 7994315882091944877 1] 80955993
[1 2864272377452065603 2864272377452065603 1] 80288620
[1 2011507969556361442 2011507969556361442 3] 82357904
[1 3323917135184132368 3323917135184132368 1] 81907914
[1 4797967690028934828 4797967690028934828 1] 84335979
[1 6703236880448854912 6703236880448854912 1] 79914311
[1 5546712864438187884 5546712864438187884 2] 83310047
[1 4796486870859907895 4796486870859907895 2] 85716074
[1 5485601491826763989 5485601491826763989 1] 85211587
[1 849028205199832660 849028205199832660 1] 85248996
[1 8076977809448368124 8076977809448368124 1] 84843017
[1 5986129245866449318 5986129245866449318 2] 84592657
[1 5354268917699786618 5354268917699786618 3] 86079729
[1 2064283110255756181 2064283110255756181 1] 85237904
[1 2205165417162652025 2205165417162652025 1] 86563501
[1 7142060684707465094 7142060684707465094 1] 88632105
[1 2120424062882406441 2120424062882406441 1] 87859848
[1 9103212061064693684 9103212061064693684 1] 89333050
[1 2424978053906544983 2424978053906544983 2] 88718605
[1 188298230885325765 188298230885325765 1] 89320497
[1 8041029694233392263 8041029694233392263 1] 88895716
[1 1595216937875681042 1595216937875681042 1] 88204430
[1 4883405915094461300 4883405915094461300 1] 87356204
[1 2022627511747153027 2022627511747153027 1] 88067430
[1 4592078462031078872 4592078462031078872 1] 91128310
[1 8000834349983649866 8000834349983649866 1] 87110143
[1 4384589494785995572 4384589494785995572 1] 88320034
[1 988160916272038329 988160916272038329 1] 92270167
[1 6823946754451631503 6823946754451631503 2] 88348827
[1 1424369261892339430 1424369261892339430 1] 87983114
[1 6852174564495416637 6852174564495416637 1] 88266736
[1 4875544784048692535 4875544784048692535 1] 92794625
[1 8700691002382498920 8700691002382498920 2] 89883232
[1 4844949585521619135 4844949585521619135 1] 91347583
[1 8049069275503338697 8049069275503338697 1] 87536825
[1 2793302479550237922 2793302479550237922 1] 90492389
[1 9022785980070915029 9022785980070915029 1] 90640548
[1 701494828689885731 701494828689885731 1] 90247373
[1 7142060684707465094 7142060684707465094 1] 93015902
[1 8821501642743306362 8821501642743306362 1] 90506127
[1 6952490968568682087 6952490968568682087 3] 92933331
[1 6998821099070004528 6998821099070004528 1] 89945044
[1 4830545170749636423 4830545170749636423 1] 90912962
[1 2198995162393314789 2198995162393314789 1] 90940291
[1 4844949585521619135 4844949585521619135 2] 93517199
[1 4015823473805546899 4015823473805546899 4] 91632827
[1 4288892856806979704 4288892856806979704 1] 93660056
[1 5631751142733051896 5631751142733051896 1] 95502141
[1 2709647364889915335 2709647364889915335 1] 94160764
[1 6561925948977092120 6561925948977092120 1] 95667276
[1 8085813531550349624 8085813531550349624 1] 96267997
[1 3627835602481942037 3627835602481942037 1] 93274699
[1 4510541111714514722 4510541111714514722 1] 96489905
[1 6130285853796231840 6130285853796231840 1] 96254516
[1 8435826721278301564 8435826721278301564 1] 97196027
[1 2331712595250935370 2331712595250935370 2] 97097436
[1 3630819551911263507 3630819551911263507 1] 95393913
[1 7417242198367371556 7417242198367371556 1] 96597449
[1 7429286906279962938 7429286906279962938 1] 97422574
[1 7389112309294576947 7389112309294576947 1] 94347941
[1 7748286944495210337 7748286944495210337 1] 96722068
[1 3598152335177071450 3598152335177071450 1] 98090381
[1 7666600720089571738 7666600720089571738 1] 95420397
[1 731528610936587692 731528610936587692 1] 96812042
[1 925489951527172442 925489951527172442 2] 97579222
[1 8202655399220147698 8202655399220147698 1] 99986129
[1 553647227764677031 553647227764677031 1] 98136205
[1 6371807650002478135 6371807650002478135 1] 96284852
[1 5425516575798474589 5425516575798474589 1] 99074777
[1 9093069635974834502 9093069635974834502 1] 99167453
[1 2835083123487432119 2835083123487432119 1] 99787796
[1 3802630639766380902 3802630639766380902 1] 99916501
[1 6848931212267917758 6848931212267917758 1] 100121860
[1 3270894045819665068 3270894045819665068 1] 99806483
[1 8695833067122986974 8695833067122986974 1] 102029691
[1 5150142070296594151 5150142070296594151 1] 102472020
[1 4829806834806069095 4829806834806069095 1] 100976254
[1 2119836625889007683 2119836625889007683 1] 101188044
[1 6432042097056548521 6432042097056548521 2] 104787240
[1 8881303685028862752 8881303685028862752 1] 101853786
[1 8211504703302327976 8211504703302327976 1] 103365842
[1 297235643465463964 297235643465463964 1] 101961568
[1 1621348943214056335 1621348943214056335 1] 101575087
[1 711455819273820196 711455819273820196 3] 101800116
[1 8629128849052958505 8629128849052958505 1] 105441677
[1 3242396995744804275 3242396995744804275 1] 103735112
[1 5052597226054880269 5052597226054880269 1] 100753476
[1 3056935101947936321 3056935101947936321 1] 103836483
[1 977087498677857140 977087498677857140 1] 103747352
[1 1355927245067212915 1355927245067212915 1] 104977768
[1 7371073606673973570 7371073606673973570 1] 100805349
[1 1484018877497371275 1484018877497371275 1] 102901850
[1 2203571038549539961 2203571038549539961 1] 102716896
[1 7110941327427811963 7110941327427811963 3] 102789854
[1 2707595407263261625 2707595407263261625 1] 103980747
[1 2962545965813180974 2962545965813180974 2] 104024014
[1 5936183028726751227 5936183028726751227 1] 107850727
[1 3802630639766380902 3802630639766380902 1] 105865907
[1 4083624127542346505 4083624127542346505 1] 108188461
[1 2399306794801506202 2399306794801506202 1] 107395332
[1 1462016017418150047 1462016017418150047 1] 108188391
[1 3005566175882605799 3005566175882605799 1] 109330018
[1 5176163379549967172 5176163379549967172 1] 108155178
[1 6066106939692475731 6066106939692475731 1] 110572933
[1 8231282189211272819 8231282189211272819 1] 111337437
[1 4234631196062076110 4234631196062076110 1] 110310956
[1 2924808948485632371 2924808948485632371 1] 112765173
[1 3304347138197720766 3304347138197720766 1] 112454282
[1 8524912434673173885 8524912434673173885 2] 111352095
[1 4910815155141359377 4910815155141359377 1] 111687327
[1 1368790009816293228 1368790009816293228 1] 113980272
[1 5995556779380115553 5995556779380115553 1] 112060905
[1 2024667237626825566 2024667237626825566 1] 113981150
[1 9125410194183399692 9125410194183399692 3] 112794029
[1 5817082888557953243 5817082888557953243 1] 111198368
[1 2915401631087558806 2915401631087558806 1] 112546257
[1 6498154317312207707 6498154317312207707 1] 111452792
[1 5567888328640872059 5567888328640872059 1] 110464704
[1 3502860699208845159 3502860699208845159 1] 111233618
[1 3406049285641662091 3406049285641662091 1] 113843265
[1 854377241408973052 854377241408973052 1] 110657254
[1 4515549523596162363 4515549523596162363 4] 115864484
[1 4027925441411345145 4027925441411345145 1] 112511902
[1 9109751937899850269 9109751937899850269 1] 112471581
[1 7270893361234812399 7270893361234812399 1] 112244926
[1 2186660085480521359 2186660085480521359 1] 113170086
[1 2745496139622541367 2745496139622541367 1] 115541498
[1 6988592591068914289 6988592591068914289 1] 113616948
[1 1514311065984797111 1514311065984797111 1] 112722981
[1 8906605091214042257 8906605091214042257 1] 116035329
[1 2671445710972641548 2671445710972641548 1] 115337066
[1 4829806834806069095 4829806834806069095 1] 114495389
[1 5023112104351724990 5023112104351724990 1] 117451360
[1 7782878846569149117 7782878846569149117 1] 114843251
[1 8729075079655696675 8729075079655696675 1] 115919032
[1 1202761757499872340 1202761757499872340 1] 116699429

Prio stats: 399 79 18 2 2 0 0 0 0 0 0 0 0 0 0 0 
Results: 100.00 77689058
**********************************
DTU - OS Challenge - Client v0.20
**********************************
Total requests: 500
Start: Random
Difficulty: 30000000
Repetition probability (%): 20
Request delay (us): 600000
Priority enabled - lambda: 1.50

[1 2534080848504833637 2534080848504833637 1] 4806785
[1 734592446513182065 734592446513182065 2] 4327938
[1 144573006434803742 144573006434803742 1] 5514378
[1 2362446847867864768 2362446847867864768 1] 5224137
[1 2793302479550237922 2793302479550237922 1] 5294481
[1 7579227685816234595 7579227685816234595 3] 6782166
[1 4402948556259363451 4402948556259363451 1] 7400614
[1 734592446513182065 734592446513182065 2] 7471554
[1 1511323233739817806 1511323233739817806 1] 8478402
[1 775798024421069700 775798024421069700 1] 6097759
[1 734592446513182065 734592446513182065 1] 8667902
[1 4325101186680591916 4325101186680591916 1] 10648111
[1 7413609510133063015 7413609510133063015 1] 8812721
[1 2362446847867864768 2362446847867864768 1] 10738331
[1 194901708358462687 194901708358462687 1] 9601392
[1 4539981729959298355 4539981729959298355 1] 10865288
[1 2423815736635418286 2423815736635418286 1] 13112859
[1 2362446847867864768 2362446847867864768 1] 12518134
[1 6481588027008507250 6481588027008507250 1] 11335459
[1 65281072076987413 65281072076987413 1] 13954055
[1 8813438948783652661 8813438948783652661 1] 14593587
[1 6427445919344566720 6427445919344566720 1] 15993255
[1 5546712864438187884 5546712864438187884 2] 13606926
[1 1504946346371376639 1504946346371376639 2] 14288818
[1 3826047074646187463 3826047074646187463 1] 16883453
[1 2423815736635418286 2423815736635418286 1] 16619386
[1 3118897387058355560 3118897387058355560 2] 16245341
[1 9063614686281648555 9063614686281648555 1] 17883102
[1 7457640055946008668 7457640055946008668 1] 18754033
[1 6224901217148171972 6224901217148171972 1] 19187553
[1 2404287123253513670 2404287123253513670 1] 19026734
[1 7120628415427462898 7120628415427462898 1] 20266966
[1 2534080848504833637 2534080848504833637 3] 20173369
[1 6184224123268371659 6184224123268371659 5] 21297991
[1 7056397236067230492 7056397236067230492 3] 20812600
[1 65281072076987413 65281072076987413 1] 22859075
[1 4881638827078685502 4881638827078685502 2] 21080608
[1 5082294164254468326 5082294164254468326 1] 23612916
[1 4475106793237928676 4475106793237928676 1] 22284473
[1 3604631005327317358 3604631005327317358 1] 24275975
[1 3152585022778420104 3152585022778420104 3] 23679331
[1 8813438948783652661 8813438948783652661 1] 25613489
[1 5853151758892767402 5853151758892767402 2] 24805959
[1 2024667237626825566 2024667237626825566 1] 25418285
[1 1755710550109762647 1755710550109762647 1] 25255612
[1 543933806449348227 543933806449348227 3] 24914983
[1 2362446847867864768 2362446847867864768 1] 26984487
[1 6481617086072149703 6481617086072149703 1] 24867903
[1 1867263731343969693 1867263731343969693 1] 25485756
[1 6224901217148171972 6224901217148171972 1] 28831820
[1 8469120784247382523 8469120784247382523 2] 25371232
[1 194901708358462687 194901708358462687 1] 27798402
[1 3826047074646187463 3826047074646187463 1] 29354926
[1 8412094805934371413 8412094805934371413 1] 26931035
[1 4238356272867122178 4238356272867122178 1] 26045264
[1 3990301012644747093 3990301012644747093 1] 28611336
[1 3322115445419574041 3322115445419574041 1] 26522365
[1 4568262719152854072 4568262719152854072 1] 30184112
[1 6677788738934613478 6677788738934613478 1] 28879799
[1 2034601758941119156 2034601758941119156 1] 26517644
[1 188298230885325765 188298230885325765 1] 29353445
[1 5546712864438187884 5546712864438187884 1] 29009704
[1 6488079815406579091 6488079815406579091 2] 30677795
[1 2041583049155452133 2041583049155452133 1] 27871056
[1 3274168525665820313 3274168525665820313 1] 28844994
[1 6149652210555691411 6149652210555691411 1] 26563830
[1 7192606909766198139 7192606909766198139 2] 28013482
[1 4387800982861812278 4387800982861812278 1] 26232953
[1 299017200798257185 299017200798257185 1] 26645296
[1 8959350751557039550 8959350751557039550 1] 29874847
[1 1691493319748746388 1691493319748746388 1] 31589527
[1 6459227495295035902 6459227495295035902 2] 30857190
[1 830539103387696557 830539103387696557 1] 29702364
[1 6423505784789735895 6423505784789735895 2] 31562983
[1 6143266650014896614 6143266650014896614 2] 32444680
[1 7486420996130192751 7486420996130192751 1] 31587318
[1 4783208449973014378 4783208449973014378 1] 32716758
[1 9003525225793406809 9003525225793406809 1] 32041785
[1 1368790009816293228 1368790009816293228 1] 33919898
[1 4889044544488955645 4889044544488955645 1] 35377573
[1 188298230885325765 188298230885325765 1] 34253377
[1 4063616305869320469 4063616305869320469 1] 34143217
[1 5014386525507742238 5014386525507742238 1] 33784294
[1 1202761757499872340 1202761757499872340 1] 35606771
[1 1754341443584370596 1754341443584370596 1] 36624293
[1 1643096707707766227 1643096707707766227 1] 37638346
[1 2016187078435865310 2016187078435865310 1] 34521671
[1 4571494471588410399 4571494471588410399 1] 36438296
[1 1623711085914951513 1623711085914951513 1] 36778998
[1 2899810306460920575 2899810306460920575 1] 39035587
[1 7648070865145929565 7648070865145929565 2] 37588997
[1 5117259440023367980 5117259440023367980 1] 37222061
[1 4625117666449960784 4625117666449960784 1] 39476733
[1 6522882028041492777 6522882028041492777 1] 37254637
[1 2041583049155452133 2041583049155452133 1] 36918934
[1 2362446847867864768 2362446847867864768 2] 39560791
[1 973789200653990917 973789200653990917 1] 37163189
[1 7332313593179142680 7332313593179142680 1] 36492551
[1 1719904128257064834 1719904128257064834 1] 37912095
[1 437485833847434610 437485833847434610 1] 37478793
[1 1636651290226904642 1636651290226904642 2] 36161976
[1 5052597226054880269 5052597226054880269 1] 35670054
[1 3528843856380800455 3528843856380800455 1] 38124757
[1 4578859820317211203 4578859820317211203 1] 36069421
[1 5324807480767963583 5324807480767963583 1] 35254578
[1 3056935101947936321 3056935101947936321 1] 37742609
[1 1423594309140718664 1423594309140718664 1] 36496762
[1 6621214734279361053 6621214734279361053 1] 34694524
[1 4209816133465409377 4209816133465409377 1] 38939740
[1 5736506011685513855 5736506011685513855 1] 35605978
[1 7083445861159801740 7083445861159801740 2] 37444723
[1 6594731957669765800 6594731957669765800 1] 39351213
[1 3986562849388276295 3986562849388276295 1] 38117024
[1 2484143475827320018 2484143475827320018 1] 37431307
[1 2707865817758435094 2707865817758435094 2] 38228886
[1 640355413593647557 640355413593647557 1] 36556190
[1 452426792638252267 452426792638252267 1] 35663730
[1 6481588027008507250 6481588027008507250 1] 34481178
[1 1644736183561893619 1644736183561893619 1] 35215388
[1 5473673147457920244 5473673147457920244 1] 34567152
[1 8702737910597480321 8702737910597480321 1] 35628653
[1 2133008165340658745 2133008165340658745 2] 40076228
[1 8412781360620923179 8412781360620923179 1] 39295071
[1 7333774302736409712 7333774302736409712 1] 34038429
[1 3479178647540675 3479178647540675 1] 35535098
[1 2961708466183274113 2961708466183274113 1] 37117233
[1 1368790009816293228 1368790009816293228 1] 38338416
[1 2759567550678525695 2759567550678525695 1] 35804418
[1 6055407793846710881 6055407793846710881 1] 40067405
[1 5176237346285668561 5176237346285668561 1] 37330066
[1 4691797828371083882 4691797828371083882 1] 37254633
[1 734592446513182065 734592446513182065 1] 39146738
[1 7158620314122222797 7158620314122222797 1] 37147593
[1 679668748513524537 679668748513524537 1] 40192173
[1 7706805436886922124 7706805436886922124 2] 38243367
[1 7110941327427811963 7110941327427811963 1] 39121880
[1 3020197751155015731 3020197751155015731 1] 37245286
[1 8247772754584940318 8247772754584940318 2] 36955293
[1 530152528428158153 530152528428158153 1] 38606476
[1 7192606909766198139 7192606909766198139 1] 37149186
[1 1202761757499872340 1202761757499872340 1] 40928564
[1 2667704554060079793 2667704554060079793 1] 39491954
[1 3591483698894380682 3591483698894380682 1] 38807573
[1 2957636182858896333 2957636182858896333 2] 41829263
[1 5546712864438187884 5546712864438187884 2] 39978672
[1 7245315310219989943 7245315310219989943 1] 38158520
[1 2323980267231403843 2323980267231403843 1] 39061878
[1 1768727318966947693 1768727318966947693 1] 42263422
[1 8440570705697865874 8440570705697865874 1] 41186309
[1 6149652210555691411 6149652210555691411 1] 38050531
[1 1688850359566875913 1688850359566875913 1] 40313011
[1 7056397236067230492 7056397236067230492 1] 41023280
[1 2563537891305446661 2563537891305446661 1] 38720333
[1 4691756201951388191 4691756201951388191 2] 41830944
[1 2235922858539825506 2235922858539825506 2] 40987962
[1 7981168371649140750 7981168371649140750 1] 40303383
[1 6066106939692475731 6066106939692475731 1] 42697877
[1 5669426629233161698 5669426629233161698 2] 41018225
[1 2615394154833410180 2615394154833410180 2] 42273209
[1 5014386525507742238 5014386525507742238 1] 40706659
[1 410608344853378961 410608344853378961 1] 44183298
[1 5725871939025734469 5725871939025734469 1] 44794786
[1 8995744019898056167 8995744019898056167 2] 41042825
[1 7110941327427811963 7110941327427811963 1] 43079059
[1 3083784089075866630 3083784089075866630 1] 45122748
[1 5713795303067392837 5713795303067392837 1] 45038840
[1 4510541111714514722 4510541111714514722 1] 46605564
[1 25427740488377879 25427740488377879 1] 45544119
[1 7959351501206635075 7959351501206635075 1] 44055500
[1 88656058469450104 88656058469450104 1] 45853480
[1 3479178647540675 3479178647540675 1] 45456189
[1 6481588027008507250 6481588027008507250 2] 42470952
[1 6326565546618157095 6326565546618157095 1] 45598075
[1 1978023411655590551 1978023411655590551 2] 47031909
[1 6186662527931605646 6186662527931605646 1] 46123417
[1 878321853308119927 878321853308119927 1] 46286548
[1 6395973630409952388 6395973630409952388 1] 48631401
[1 7100115956698684273 7100115956698684273 1] 49981205
[1 734592446513182065 734592446513182065 2] 48469814
[1 988160916272038329 988160916272038329 1] 49200131
[1 2951302292927883595 2951302292927883595 2] 49681817
[1 1504946346371376639 1504946346371376639 1] 48497830
[1 7720741887896933514 7720741887896933514 1] 50724216
[1 242630997870908240 242630997870908240 1] 50644324
[1 6205895507568252281 6205895507568252281 1] 52629857
[1 9005756381983941198 9005756381983941198 2] 50835446
[1 1786797960415602363 1786797960415602363 1] 52921187
[1 4163859357572880609 4163859357572880609 2] 51215939
[1 5714036118562183164 5714036118562183164 1] 52914729
[1 6209632935000529379 6209632935000529379 1] 53527391
[1 6181441921403116218 6181441921403116218 1] 51789862
[1 8809647106421131765 8809647106421131765 1] 52723398
[1 5176237346285668561 5176237346285668561 2] 54035171
[1 8564099665671196488 8564099665671196488 1] 51708327
[1 6423505784789735895 6423505784789735895 1] 55079423
[1 2362446847867864768 2362446847867864768 1] 55742658
[1 6925495995205485527 6925495995205485527 1] 52184286
[1 2235922858539825506 2235922858539825506 2] 54013414
[1 7720741887896933514 7720741887896933514 1] 54452790
[1 8041029694233392263 8041029694233392263 1] 53884338
[1 2372462708566917683 2372462708566917683 1] 53150136
[1 1382217281421510153 1382217281421510153 1] 55087613
[1 5817082888557953243 5817082888557953243 1] 52862209
[1 6423505784789735895 6423505784789735895 1] 55872516
[1 5461490872532999296 5461490872532999296 1] 58524052
[1 2404287123253513670 2404287123253513670 1] 55176287
[1 8563765941803923471 8563765941803923471 1] 53838008
[1 500671477540433317 500671477540433317 1] 52670556
[1 3353633611168371839 3353633611168371839 1] 55354232
[1 2608619040719086023 2608619040719086023 3] 52409039
[1 6604409028890398458 6604409028890398458 1] 57305794
[1 7324426078548096937 7324426078548096937 1] 54384801
[1 7510828775444520032 7510828775444520032 2] 58230515
[1 5874308926547513054 5874308926547513054 1] 54472238
[1 2450391230438655829 2450391230438655829 2] 54312731
[1 988160916272038329 988160916272038329 1] 57912509
[1 4484334342182807094 4484334342182807094 1] 57492532
[1 2493455707987002135 2493455707987002135 1] 58723015
[1 2902775518149563928 2902775518149563928 1] 57532092
[1 1269328546397533139 1269328546397533139 2] 56740558
[1 4484334342182807094 4484334342182807094 1] 57554349
[1 276888136506025886 276888136506025886 2] 54611037
[1 6703236880448854912 6703236880448854912 1] 54398520
[1 3974662310833503936 3974662310833503936 1] 56048346
[1 1561759295924222778 1561759295924222778 1] 54350594
[1 4820322273056665644 4820322273056665644 2] 53831816
[1 3886006343053199902 3886006343053199902 2] 58692620
[1 2041583049155452133 2041583049155452133 1] 54147134
[1 203360083600135 203360083600135 1] 59044328
[1 2293484174238985569 2293484174238985569 1] 56278604
[1 3696240554012026355 3696240554012026355 2] 57122609
[1 8334537738724480724 8334537738724480724 1] 60436375
[1 4797939815326154120 4797939815326154120 1] 57562399
[1 8252111918419446115 8252111918419446115 2] 57155127
[1 1867263731343969693 1867263731343969693 3] 56407944
[1 4384589494785995572 4384589494785995572 1] 57348765
[1 6177450513648811962 6177450513648811962 1] 59465273
[1 2607819402521596392 2607819402521596392 1] 61413433
[1 6739269202183663694 6739269202183663694 1] 60043768
[1 299017200798257185 299017200798257185 1] 58052249
[1 3138865914211987353 3138865914211987353 1] 57534710
[1 6488079815406579091 6488079815406579091 1] 62191714
[1 5683827663076204202 5683827663076204202 1] 61482492
[1 7120628415427462898 7120628415427462898 1] 63181309
[1 2133008165340658745 2133008165340658745 1] 61782348
[1 8323076437721295431 8323076437721295431 1] 63890338
[1 4252224425837930793 4252224425837930793 2] 64170281
[1 3826047074646187463 3826047074646187463 3] 65046673
[1 4425898825351802169 4425898825351802169 1] 65719449
[1 6419016279972728470 6419016279972728470 1] 64010732
[1 2976705648500278632 2976705648500278632 1] 66731835
[1 5450699390666749467 5450699390666749467 2] 66866409
[1 4733706822608317943 4733706822608317943 1] 65312204
[1 8241663919943639456 8241663919943639456 2] 64150821
[1 5014386525507742238 5014386525507742238 2] 63793495
[1 5241294535549771651 5241294535549771651 1] 66511606
[1 7368996169136332484 7368996169136332484 1] 68726000
[1 2423815736635418286 2423815736635418286 1] 68890074
[1 1884956663311175979 1884956663311175979 1] 65919043
[1 1678276299793924385 1678276299793924385 1] 65715409
[1 1304777749071274024 1304777749071274024 1] 66748450
[1 1854585463930301578 1854585463930301578 2] 68525494
[1 223440886057325973 223440886057325973 1] 65823740
[1 1924337394457498805 1924337394457498805 1] 65616091
[1 7209400215156338394 7209400215156338394 1] 68078182
[1 4418402178925663952 4418402178925663952 1] 66283244
[1 4691797828371083882 4691797828371083882 1] 66430852
[1 4406391457682319264 4406391457682319264 1] 65705872
[1 4222454969874026056 4222454969874026056 1] 70244292
[1 3152585022778420104 3152585022778420104 1] 68138583
[1 4500479876494902112 4500479876494902112 1] 69881277
[1 7299155276803035682 7299155276803035682 2] 68274821
[1 3598152335177071450 3598152335177071450 1] 69060308
[1 4027925441411345145 4027925441411345145 1] 68942554
[1 689675894688195993 689675894688195993 3] 70831530
[1 6262913009910473627 6262913009910473627 2] 68681680
[1 3000089680693884276 3000089680693884276 1] 68102144
[1 2835083123487432119 2835083123487432119 1] 71053106
[1 7869124646731260012 7869124646731260012 1] 68967867
[1 3623210729123536364 3623210729123536364 1] 68043436
[1 5024005365786298224 5024005365786298224 1] 67945707
[1 7368996169136332484 7368996169136332484 1] 72614275
[1 4015823473805546899 4015823473805546899 5] 68711824
[1 2827089930206818739 2827089930206818739 1] 71422012
[1 7564496488149924340 7564496488149924340 1] 72156484
[1 6226373918551262700 6226373918551262700 1] 71252338
[1 6363021835326843386 6363021835326843386 2] 71892693
[1 7179133576396330540 7179133576396330540 1] 71833445
[1 2157580786496160311 2157580786496160311 1] 70326942
[1 8323076437721295431 8323076437721295431 1] 72460911
[1 3124105503555707103 3124105503555707103 1] 73927405
[1 4915037906597823323 4915037906597823323 2] 74747768
[1 349380747702939018 349380747702939018 1] 72068794
[1 1454450557457318903 1454450557457318903 1] 74373853
[1 2227581384246786948 2227581384246786948 2] 72242628
[1 6213734397409716068 6213734397409716068 1] 74051919
[1 5500881474334741535 5500881474334741535 1] 75150664
[1 9183589395669793795 9183589395669793795 3] 73977648
[1 9169583293910868445 9169583293910868445 2] 74971892
[1 3214214179010442975 3214214179010442975 1] 74852114
[1 59732288773997284 59732288773997284 1] 74287865
[1 1593626704767875777 1593626704767875777 1] 73756833
[1 5473673147457920244 5473673147457920244 2] 72693084
[1 8630570987576487364 8630570987576487364 2] 74164958
[1 1553351868169198524 1553351868169198524 1] 77925944
[1 8893467400613295245 8893467400613295245 1] 77256341
[1 625752405965824007 625752405965824007 1] 74906150
[1 299017200798257185 299017200798257185 1] 74705006
[1 2140556533628101617 2140556533628101617 1] 77747478
[1 6970694805512411920 6970694805512411920 1] 76874144
[1 2486595304839889068 2486595304839889068 1] 79467187
[1 4026086645963848132 4026086645963848132 2] 75877958
[1 229896673213272955 229896673213272955 1] 77300418
[1 8016351889049416839 8016351889049416839 1] 75761431
[1 8202655399220147698 8202655399220147698 1] 79631028
[1 8975326870130194698 8975326870130194698 3] 77640611
[1 3085979894660728460 3085979894660728460 1] 79577431
[1 3551412392854034839 3551412392854034839 1] 76085794
[1 7747829096060162138 7747829096060162138 2] 80827192
[1 6739269202183663694 6739269202183663694 1] 80637040
[1 299017200798257185 299017200798257185 1] 78881184
[1 5297166931528432832 5297166931528432832 1] 77817906
[1 7510828775444520032 7510828775444520032 1] 81556982
[1 2362446847867864768 2362446847867864768 1] 80604869
[1 1725622992376502676 1725622992376502676 1] 79656094
[1 2036623190647379945 2036623190647379945 1] 77983672
[1 1884956663311175979 1884956663311175979 1] 79237359
[1 2001166196017553488 2001166196017553488 1] 81406874
[1 851669798651112196 851669798651112196 1] 82733954
[1 5500881474334741535 5500881474334741535 1] 81854984
[1 9151380673007977908 9151380673007977908 1] 81601307
[1 4691797828371083882 4691797828371083882 1] 81200813
[1 7517452838639578111 7517452838639578111 1] 83196195
[1 4507991751251991033 4507991751251991033 2] 80889640
[1 1614412163847339262 1614412163847339262 1] 83452457
[1 5755401317025159328 5755401317025159328 2] 85458618
[1 3437416573735018505 3437416573735018505 3] 85742620
[1 194901708358462687 194901708358462687 2] 84458109
[1 5241294535549771651 5241294535549771651 1] 83859088
[1 5107134308154167798 5107134308154167798 1] 83390963
[1 6205895507568252281 6205895507568252281 2] 85991215
[1 2041583049155452133 2041583049155452133 1] 82510288
[1 543933806449348227 543933806449348227 1] 84464528
[1 6185917551594629304 6185917551594629304 2] 83897929
[1 7299155276803035682 7299155276803035682 1] 85966432
[1 9155751192519472533 9155751192519472533 2] 84122803
[1 1722029683006977194 1722029683006977194 1] 83043449
[1 2618618167630672639 2618618167630672639 1] 85438868
[1 9159754158668839195 9159754158668839195 1] 83980949
[1 65281072076987413 65281072076987413 1] 87302365
[1 4099148554325651570 4099148554325651570 1] 86055448
[1 3238343641129302562 3238343641129302562 1] 83498965
[1 3050426382748096295 3050426382748096295 1] 83011981
[1 6193892421126438851 6193892421126438851 1] 87475290
[1 48832448058756721 48832448058756721 1] 87462010
[1 1360065137967046495 1360065137967046495 1] 85378396
[1 6634139786050018099 6634139786050018099 2] 86378108
[1 5229046199357839544 5229046199357839544 1] 89409085
[1 4788619936662578573 4788619936662578573 1] 85032837
[1 2876673555300728176 2876673555300728176 1] 84383267
[1 6068184192940086614 6068184192940086614 1] 84176376
[1 3825484426898516968 3825484426898516968 1] 86483009
[1 3118897387058355560 3118897387058355560 1] 88231085
[1 8431229861670639890 8431229861670639890 2] 87394824
[1 7994315882091944877 7994315882091944877 1] 84715135
[1 2864272377452065603 2864272377452065603 1] 84037425
[1 2011507969556361442 2011507969556361442 3] 85859146
[1 3323917135184132368 3323917135184132368 1] 85567676
[1 4797967690028934828 4797967690028934828 1] 88113811
[1 6703236880448854912 6703236880448854912 1] 83703383
[1 5546712864438187884 5546712864438187884 2] 87036056
[1 5485601491826763989 5485601491826763989 1] 88684041
[1 4796486870859907895 4796486870859907895 2] 89436856
[1 849028205199832660 849028205199832660 1] 89203832
[1 8076977809448368124 8076977809448368124 1] 88353375
[1 5986129245866449318 5986129245866449318 2] 88102886
[1 5354268917699786618 5354268917699786618 3] 89717041
[1 2064283110255756181 2064283110255756181 1] 88840451
[1 2205165417162652025 2205165417162652025 1] 90369898
[1 7142060684707465094 7142060684707465094 1] 92666635
[1 2120424062882406441 2120424062882406441 1] 91607987
[1 9103212061064693684 9103212061064693684 1] 92944752
[1 188298230885325765 188298230885325765 1] 93157678
[1 2424978053906544983 2424978053906544983 2] 92902299
[1 8041029694233392263 8041029694233392263 1] 92684569
[1 1595216937875681042 1595216937875681042 1] 92156430
[1 4883405915094461300 4883405915094461300 1] 91394098
[1 2022627511747153027 2022627511747153027 1] 92055340
[1 4592078462031078872 4592078462031078872 1] 94964209
[1 8000834349983649866 8000834349983649866 1] 90954844
[1 4384589494785995572 4384589494785995572 1] 92337470
[1 6823946754451631503 6823946754451631503 2] 92372867
[1 988160916272038329 988160916272038329 1] 96758929
[1 1424369261892339430 1424369261892339430 1] 92209802
[1 6852174564495416637 6852174564495416637 1] 92549793
[1 4875544784048692535 4875544784048692535 1] 97045708
[1 4844949585521619135 4844949585521619135 1] 95272849
[1 8700691002382498920 8700691002382498920 2] 94263032
[1 8049069275503338697 8049069275503338697 1] 91750870
[1 2793302479550237922 2793302479550237922 1] 94776874
[1 9022785980070915029 9022785980070915029 1] 94792600
[1 701494828689885731 701494828689885731 1] 94516626
[1 7142060684707465094 7142060684707465094 1] 97276456
[1 8821501642743306362 8821501642743306362 1] 94652739
[1 6952490968568682087 6952490968568682087 3] 96870477
[1 6998821099070004528 6998821099070004528 1] 94206046
[1 4830545170749636423 4830545170749636423 1] 95285327
[1 2198995162393314789 2198995162393314789 1] 95340280
[1 4844949585521619135 4844949585521619135 2] 97770273
[1 4288892856806979704 4288892856806979704 1] 97699415
[1 4015823473805546899 4015823473805546899 4] 96107842
[1 5631751142733051896 5631751142733051896 1] 99986368
[1 8085813531550349624 8085813531550349624 1] 100460308
[1 2709647364889915335 2709647364889915335 1] 98729410
[1 6561925948977092120 6561925948977092120 1] 99999615
[1 3627835602481942037 3627835602481942037 1] 97635280
[1 4510541111714514722 4510541111714514722 1] 100598973
[1 6130285853796231840 6130285853796231840 1] 100730274
[1 8435826721278301564 8435826721278301564 1] 101738638
[1 2331712595250935370 2331712595250935370 2] 101544094
[1 3630819551911263507 3630819551911263507 1] 99956582
[1 7429286906279962938 7429286906279962938 1] 101547798
[1 7417242198367371556 7417242198367371556 1] 101201686
[1 7389112309294576947 7389112309294576947 1] 98746322
[1 7748286944495210337 7748286944495210337 1] 101130493
[1 3598152335177071450 3598152335177071450 1] 102525198
[1 7666600720089571738 7666600720089571738 1] 99886716
[1 731528610936587692 731528610936587692 1] 101227737
[1 925489951527172442 925489951527172442 2] 102003503
[1 8202655399220147698 8202655399220147698 1] 104577202
[1 553647227764677031 553647227764677031 1] 102747807
[1 6371807650002478135 6371807650002478135 1] 100902079
[1 5425516575798474589 5425516575798474589 1] 103659004
[1 9093069635974834502 9093069635974834502 1] 103780232
[1 2835083123487432119 2835083123487432119 1] 104413757
[1 3802630639766380902 3802630639766380902 1] 104581394
[1 6848931212267917758 6848931212267917758 1] 104936634
[1 3270894045819665068 3270894045819665068 1] 104504982
[1 8695833067122986974 8695833067122986974 1] 106769980
[1 5150142070296594151 5150142070296594151 1] 107237861
[1 4829806834806069095 4829806834806069095 1] 105692925
[1 2119836625889007683 2119836625889007683 1] 105910765
[1 8881303685028862752 8881303685028862752 1] 106610154
[1 6432042097056548521 6432042097056548521 2] 109687782
[1 8211504703302327976 8211504703302327976 1] 108109231
[1 297235643465463964 297235643465463964 1] 106806234
[1 1621348943214056335 1621348943214056335 1] 106329794
[1 8629128849052958505 8629128849052958505 1] 110206094
[1 711455819273820196 711455819273820196 3] 106672764
[1 3242396995744804275 3242396995744804275 1] 108494900
[1 5052597226054880269 5052597226054880269 1] 105541348
[1 3056935101947936321 3056935101947936321 1] 108718206
[1 1355927245067212915 1355927245067212915 1] 109874084
[1 977087498677857140 977087498677857140 1] 108795248
[1 7371073606673973570 7371073606673973570 1] 105827450
[1 1484018877497371275 1484018877497371275 1] 107733264
[1 2203571038549539961 2203571038549539961 1] 107692204
[1 7110941327427811963 7110941327427811963 3] 107679187
[1 2707595407263261625 2707595407263261625 1] 109269180
[1 2962545965813180974 2962545965813180974 2] 109004971
[1 5936183028726751227 5936183028726751227 1] 112753342
[1 3802630639766380902 3802630639766380902 1] 111253655
[1 4083624127542346505 4083624127542346505 1] 113006378
[1 2399306794801506202 2399306794801506202 1] 112254373
[1 1462016017418150047 1462016017418150047 1] 113011117
[1 5176163379549967172 5176163379549967172 1] 112941238
[1 3005566175882605799 3005566175882605799 1] 114788792
[1 6066106939692475731 6066106939692475731 1] 115080558
[1 8231282189211272819 8231282189211272819 1] 116046744
[1 4234631196062076110 4234631196062076110 1] 115656409
[1 2924808948485632371 2924808948485632371 1] 117670834
[1 3304347138197720766 3304347138197720766 1] 116757674
[1 8524912434673173885 8524912434673173885 2] 116632949
[1 4910815155141359377 4910815155141359377 1] 115965620
[1 1368790009816293228 1368790009816293228 1] 118755743
[1 5995556779380115553 5995556779380115553 1] 117434290
[1 9125410194183399692 9125410194183399692 3] 117080830
[1 2024667237626825566 2024667237626825566 1] 119018611
[1 5817082888557953243 5817082888557953243 1] 115620384
[1 6498154317312207707 6498154317312207707 1] 115864663
[1 2915401631087558806 2915401631087558806 1] 117465593
[1 3502860699208845159 3502860699208845159 1] 115780478
[1 5567888328640872059 5567888328640872059 1] 115262401
[1 3406049285641662091 3406049285641662091 1] 119266644
[1 854377241408973052 854377241408973052 1] 115269228
[1 4515549523596162363 4515549523596162363 4] 120656257
[1 4027925441411345145 4027925441411345145 1] 117157012
[1 9109751937899850269 9109751937899850269 1] 117942973
[1 7270893361234812399 7270893361234812399 1] 116916451
[1 2186660085480521359 2186660085480521359 1] 117922261
[1 2745496139622541367 2745496139622541367 1] 120254241
[1 6988592591068914289 6988592591068914289 1] 118375391
[1 1514311065984797111 1514311065984797111 1] 117472429
[1 8906605091214042257 8906605091214042257 1] 121773824
[1 2671445710972641548 2671445710972641548 1] 120090845
[1 4829806834806069095 4829806834806069095 1] 119219474
[1 5023112104351724990 5023112104351724990 1] 122172989
[1 7782878846569149117 7782878846569149117 1] 120656281
[1 8729075079655696675 8729075079655696675 1] 120763833
[1 1202761757499872340 1202761757499872340 1] 121524715

Prio stats: 399 79 18 2 2 0 0 0 0 0 0 0 0 0 0 0 
Results: 100.00 80813303
