**********************************
DTU - OS Challenge - Client v0.20
**********************************
Total requests: 100
Start: Random
Difficulty: 30000000
Repetition probability (%): 20
Request delay (us): 600000
Priority enabled - lambda: 0.10

[1 734592446513182065 734592446513182065 16] 13441697
[1 2534080848504833637 2534080848504833637 2] 14241889
[1 2362446847867864768 2362446847867864768 3] 15988830
[1 144573006434803742 144573006434803742 6] 17134630
[1 2534080848504833637 2534080848504833637 16] 6767
[1 1504946346371376639 1504946346371376639 16] 6781261
[1 2362446847867864768 2362446847867864768 1] 5898
[1 734592446513182065 734592446513182065 16] 22605471
[1 7579227685816234595 7579227685816234595 16] 25865028
[1 5546712864438187884 5546712864438187884 16] 14602824
[1 3118897387058355560 3118897387058355560 16] 17576836
[1 4881638827078685502 4881638827078685502 16] 11240573
[1 5546712864438187884 5546712864438187884 10] 7737
[1 6184224123268371659 6184224123268371659 16] 17030323
[1 7056397236067230492 7056397236067230492 16] 18373260
[1 8469120784247382523 8469120784247382523 16] 10067428
[1 3152585022778420104 3152585022778420104 16] 19465563
[1 5853151758892767402 5853151758892767402 16] 18505121
[1 543933806449348227 543933806449348227 16] 16181665
[1 7192606909766198139 7192606909766198139 16] 9030398
[1 2362446847867864768 2362446847867864768 16] 8210
[1 6488079815406579091 6488079815406579091 16] 21570348
[1 6459227495295035902 6459227495295035902 16] 18763653
[1 6423505784789735895 6423505784789735895 16] 17634977
[1 6143266650014896614 6143266650014896614 16] 20203142
[1 7648070865145929565 7648070865145929565 16] 12705507
[1 4402948556259363451 4402948556259363451 14] 71170973
[1 1754341443584370596 1754341443584370596 15] 28305329
[1 194901708358462687 194901708358462687 13] 50300256
[1 8412094805934371413 8412094805934371413 13] 48957155
[1 5082294164254468326 5082294164254468326 14] 61890436
[1 973789200653990917 973789200653990917 12] 25538728
[1 5117259440023367980 5117259440023367980 12] 28156061
[1 7332313593179142680 7332313593179142680 12] 25409382
[1 2041583049155452133 2041583049155452133 11] 29732479
[1 2404287123253513670 2404287123253513670 10] 75688032
[1 6481617086072149703 6481617086072149703 10] 69223008
[1 2423815736635418286 2423815736635418286 11] 89971744
[1 6224901217148171972 6224901217148171972 11] 84086233
[1 4325101186680591916 4325101186680591916 10] 96539641
[1 1691493319748746388 1691493319748746388 10] 74415707
[1 1202761757499872340 1202761757499872340 9] 65152122
[1 9063614686281648555 9063614686281648555 9] 99653542
[1 4889044544488955645 4889044544488955645 10] 71883449
[1 1719904128257064834 1719904128257064834 8] 67195888
[1 6481588027008507250 6481588027008507250 7] 113579100
[1 734592446513182065 734592446513182065 8] 122314308
[1 7457640055946008668 7457640055946008668 8] 114906755
[1 65281072076987413 65281072076987413 8] 122736927
[1 4475106793237928676 4475106793237928676 7] 110765259
[1 3274168525665820313 3274168525665820313 7] 98067826
[1 8959350751557039550 8959350751557039550 7] 102515139
[1 188298230885325765 188298230885325765 7] 96347853
[1 2362446847867864768 2362446847867864768 6] 143243248
[1 8813438948783652661 8813438948783652661 6] 145630922
[1 2423815736635418286 2423815736635418286 6] 147865726
[1 2024667237626825566 2024667237626825566 6] 137782666
[1 7120628415427462898 7120628415427462898 6] 145978708
[1 1755710550109762647 1755710550109762647 6] 137333739
[1 3322115445419574041 3322115445419574041 5] 132505176
[1 6149652210555691411 6149652210555691411 5] 128462166
[1 299017200798257185 299017200798257185 5] 129115234
[1 4063616305869320469 4063616305869320469 5] 128190793
[1 1643096707707766227 1643096707707766227 6] 128912477
[1 2899810306460920575 2899810306460920575 6] 128223984
[1 2016187078435865310 2016187078435865310 5] 126601956
[1 6224901217148171972 6224901217148171972 5] 153977952
[1 6522882028041492777 6522882028041492777 5] 127809294
[1 437485833847434610 437485833847434610 5] 128267893
[1 4571494471588410399 4571494471588410399 5] 137983869
[1 1867263731343969693 1867263731343969693 4] 163623497
[1 194901708358462687 194901708358462687 4] 188547566
[1 4539981729959298355 4539981729959298355 4] 191193948
[1 2041583049155452133 2041583049155452133 4] 160806963
[1 65281072076987413 65281072076987413 4] 186030671
[1 3990301012644747093 3990301012644747093 4] 174735232
[1 7486420996130192751 7486420996130192751 4] 165578491
[1 6427445919344566720 6427445919344566720 3] 199892528
[1 5014386525507742238 5014386525507742238 3] 161035266
[1 775798024421069700 775798024421069700 2] 207415713
[1 6677788738934613478 6677788738934613478 3] 186136794
[1 3604631005327317358 3604631005327317358 3] 197486760
[1 188298230885325765 188298230885325765 3] 186725508
[1 2034601758941119156 2034601758941119156 2] 185973142
[1 4387800982861812278 4387800982861812278 2] 181908901
[1 830539103387696557 830539103387696557 2] 186658872
[1 8813438948783652661 8813438948783652661 2] 209210474
[1 4783208449973014378 4783208449973014378 2] 189972830
[1 7413609510133063015 7413609510133063015 1] 230673650
[1 1368790009816293228 1368790009816293228 2] 192401433
[1 2793302479550237922 2793302479550237922 1] 237821112
[1 1511323233739817806 1511323233739817806 1] 244971302
[1 2362446847867864768 2362446847867864768 1] 243322411
[1 4238356272867122178 4238356272867122178 1] 221048338
[1 3826047074646187463 3826047074646187463 1] 243965060
[1 3826047074646187463 3826047074646187463 1] 228327811
[1 9003525225793406809 9003525225793406809 1] 215922006
[1 4568262719152854072 4568262719152854072 1] 233360376
[1 1623711085914951513 1623711085914951513 1] 214743568
[1 4625117666449960784 4625117666449960784 1] 215581615

Prio stats: 12 8 6 7 9 9 5 4 2 6 3 3 2 2 1 21
Results: 100.00 499686563
vagrant@client:~/os-challenge-SHAshanties/client$ bash run-client-test-extreme.sh
**********************************
DTU - OS Challenge - Client v0.20
**********************************
Total requests: 100
Start: Random
Difficulty: 30000000
Repetition probability (%): 20
Request delay (us): 600000
Priority enabled - lambda: 0.10

[1 2534080848504833637 2534080848504833637 2] 1717
[1 734592446513182065 734592446513182065 16] 3229
[1 144573006434803742 144573006434803742 6] 1044
[1 2362446847867864768 2362446847867864768 3] 1379
[1 2793302479550237922 2793302479550237922 1] 1377
[1 7579227685816234595 7579227685816234595 16] 1050
^C
vagrant@client:~/os-challenge-SHAshanties/client$ bash run-client-test-extreme.sh
**********************************
DTU - OS Challenge - Client v0.20
**********************************
Total requests: 100
Start: Random
Difficulty: 30000000
Repetition probability (%): 20
Request delay (us): 600000
Priority enabled - lambda: 0.10

[1 734592446513182065 734592446513182065 16] 12695814
[1 2534080848504833637 2534080848504833637 2] 13473775
[1 2362446847867864768 2362446847867864768 3] 15242406
[1 144573006434803742 144573006434803742 6] 16332397
[1 2534080848504833637 2534080848504833637 16] 5939
[1 1504946346371376639 1504946346371376639 16] 5981319
[1 734592446513182065 734592446513182065 16] 21623864
[1 2362446847867864768 2362446847867864768 1] 3793
[1 7579227685816234595 7579227685816234595 16] 24750395
[1 5546712864438187884 5546712864438187884 16] 13681631
[1 3118897387058355560 3118897387058355560 16] 16698508
[1 4881638827078685502 4881638827078685502 16] 10489105
[1 6184224123268371659 6184224123268371659 16] 16443880
[1 5546712864438187884 5546712864438187884 10] 5492
[1 7056397236067230492 7056397236067230492 16] 17622765
[1 8469120784247382523 8469120784247382523 16] 9348157
[1 3152585022778420104 3152585022778420104 16] 18994080
[1 5853151758892767402 5853151758892767402 16] 18086339
[1 543933806449348227 543933806449348227 16] 15947894
[1 7192606909766198139 7192606909766198139 16] 8606707
[1 2362446847867864768 2362446847867864768 16] 5773
[1 6488079815406579091 6488079815406579091 16] 20779012
[1 6459227495295035902 6459227495295035902 16] 18311466
[1 6423505784789735895 6423505784789735895 16] 17226429
[1 6143266650014896614 6143266650014896614 16] 20082222
[1 7648070865145929565 7648070865145929565 16] 11912055
[1 4402948556259363451 4402948556259363451 14] 71007172
[1 1754341443584370596 1754341443584370596 15] 28117463
[1 194901708358462687 194901708358462687 13] 49615891
[1 8412094805934371413 8412094805934371413 13] 48937624
[1 973789200653990917 973789200653990917 12] 25167280
[1 5082294164254468326 5082294164254468326 14] 62428051
[1 5117259440023367980 5117259440023367980 12] 28296906
[1 7332313593179142680 7332313593179142680 12] 25514638
[1 2041583049155452133 2041583049155452133 11] 30259625
[1 2404287123253513670 2404287123253513670 10] 76699288
[1 6481617086072149703 6481617086072149703 10] 70168329
[1 2423815736635418286 2423815736635418286 11] 91460269
[1 6224901217148171972 6224901217148171972 11] 84807911
[1 4325101186680591916 4325101186680591916 10] 97510938
[1 1691493319748746388 1691493319748746388 10] 76635125
[1 1202761757499872340 1202761757499872340 9] 67155596
[1 9063614686281648555 9063614686281648555 9] 101462279
[1 4889044544488955645 4889044544488955645 10] 74750838
[1 1719904128257064834 1719904128257064834 8] 71053970
[1 6481588027008507250 6481588027008507250 7] 117429428
[1 734592446513182065 734592446513182065 8] 125826798
[1 7457640055946008668 7457640055946008668 8] 118237891
[1 65281072076987413 65281072076987413 8] 126554012
[1 4475106793237928676 4475106793237928676 7] 115382859
[1 3274168525665820313 3274168525665820313 7] 102324044
[1 8959350751557039550 8959350751557039550 7] 106753102
[1 188298230885325765 188298230885325765 7] 100886335
[1 2362446847867864768 2362446847867864768 6] 148374419
[1 8813438948783652661 8813438948783652661 6] 150458212
[1 2423815736635418286 2423815736635418286 6] 152012698
[1 2024667237626825566 2024667237626825566 6] 142921643
[1 7120628415427462898 7120628415427462898 6] 150438446
[1 1755710550109762647 1755710550109762647 6] 142093857
[1 3322115445419574041 3322115445419574041 5] 137364939
[1 6149652210555691411 6149652210555691411 5] 133281743
[1 299017200798257185 299017200798257185 5] 133954595
[1 1643096707707766227 1643096707707766227 6] 133084424
[1 4063616305869320469 4063616305869320469 5] 133085815
[1 2016187078435865310 2016187078435865310 5] 131396346
[1 2899810306460920575 2899810306460920575 6] 133432976
[1 6224901217148171972 6224901217148171972 5] 158315978
[1 6522882028041492777 6522882028041492777 5] 132983037
[1 437485833847434610 437485833847434610 5] 133456680
[1 4571494471588410399 4571494471588410399 5] 142504724
[1 1867263731343969693 1867263731343969693 4] 168116118
[1 194901708358462687 194901708358462687 4] 193692379
[1 4539981729959298355 4539981729959298355 4] 195724556
[1 2041583049155452133 2041583049155452133 4] 165985553
[1 65281072076987413 65281072076987413 4] 190972049
[1 3990301012644747093 3990301012644747093 4] 179344010
[1 7486420996130192751 7486420996130192751 4] 170172517
[1 6427445919344566720 6427445919344566720 3] 205119484
[1 5014386525507742238 5014386525507742238 3] 166220895
[1 775798024421069700 775798024421069700 2] 212587415
[1 6677788738934613478 6677788738934613478 3] 190698108
[1 3604631005327317358 3604631005327317358 3] 202298661
[1 188298230885325765 188298230885325765 3] 191075540
[1 2034601758941119156 2034601758941119156 2] 190464817
[1 4387800982861812278 4387800982861812278 2] 186596886
[1 830539103387696557 830539103387696557 2] 191013115
[1 8813438948783652661 8813438948783652661 2] 214259371
[1 4783208449973014378 4783208449973014378 2] 194542273
[1 7413609510133063015 7413609510133063015 1] 235705029
[1 2793302479550237922 2793302479550237922 1] 242565891
[1 1368790009816293228 1368790009816293228 2] 197603423
[1 1511323233739817806 1511323233739817806 1] 251543606
[1 2362446847867864768 2362446847867864768 1] 249487704
[1 4238356272867122178 4238356272867122178 1] 227193370
[1 3826047074646187463 3826047074646187463 1] 249870511
[1 3826047074646187463 3826047074646187463 1] 234224614
[1 9003525225793406809 9003525225793406809 1] 222077903
[1 4568262719152854072 4568262719152854072 1] 239509716
[1 1623711085914951513 1623711085914951513 1] 220360369
[1 4625117666449960784 4625117666449960784 1] 221271784

Prio stats: 12 8 6 7 9 9 5 4 2 6 3 3 2 2 1 21
Results: 100.00 509468730
vagrant@client:~/os-challenge-SHAshanties/client$ bash run-client-test-extreme.sh
**********************************
DTU - OS Challenge - Client v0.20
**********************************
Total requests: 100
Start: Random
Difficulty: 30000000
Repetition probability (%): 20
Request delay (us): 600000
Priority enabled - lambda: 0.10

[1 734592446513182065 734592446513182065 16] 12585764
[1 2534080848504833637 2534080848504833637 2] 13441870
[1 2362446847867864768 2362446847867864768 3] 15238295
[1 144573006434803742 144573006434803742 6] 16217493
[1 2534080848504833637 2534080848504833637 16] 4897
[1 1504946346371376639 1504946346371376639 16] 5878408
[1 734592446513182065 734592446513182065 16] 21813423
[1 2362446847867864768 2362446847867864768 1] 2963
[1 7579227685816234595 7579227685816234595 16] 25011875
[1 5546712864438187884 5546712864438187884 16] 14069922
[1 3118897387058355560 3118897387058355560 16] 16737479
[1 4881638827078685502 4881638827078685502 16] 10780917
[1 5546712864438187884 5546712864438187884 10] 4775
[1 6184224123268371659 6184224123268371659 16] 16428787
[1 7056397236067230492 7056397236067230492 16] 17350288
[1 8469120784247382523 8469120784247382523 16] 9082562
[1 3152585022778420104 3152585022778420104 16] 18610407
[1 543933806449348227 543933806449348227 16] 15584080
[1 5853151758892767402 5853151758892767402 16] 18077549
[1 7192606909766198139 7192606909766198139 16] 8235344
[1 2362446847867864768 2362446847867864768 16] 3849
[1 6488079815406579091 6488079815406579091 16] 20242352
[1 6459227495295035902 6459227495295035902 16] 18106335
[1 6423505784789735895 6423505784789735895 16] 16683655
[1 6143266650014896614 6143266650014896614 16] 19601978
[1 7648070865145929565 7648070865145929565 16] 11187230
[1 4402948556259363451 4402948556259363451 14] 70371429
[1 1754341443584370596 1754341443584370596 15] 27864730
[1 194901708358462687 194901708358462687 13] 48887063
[1 8412094805934371413 8412094805934371413 13] 48300279
[1 973789200653990917 973789200653990917 12] 24121794
[1 5082294164254468326 5082294164254468326 14] 61474578
[1 5117259440023367980 5117259440023367980 12] 27817156
[1 7332313593179142680 7332313593179142680 12] 24835002
[1 2041583049155452133 2041583049155452133 11] 29378599
[1 2404287123253513670 2404287123253513670 10] 75313861
[1 6481617086072149703 6481617086072149703 10] 68880966
[1 2423815736635418286 2423815736635418286 11] 89471606
[1 6224901217148171972 6224901217148171972 11] 83028292
[1 4325101186680591916 4325101186680591916 10] 95837193
[1 1691493319748746388 1691493319748746388 10] 74122297
[1 1202761757499872340 1202761757499872340 9] 64394498
[1 9063614686281648555 9063614686281648555 9] 98570308
[1 4889044544488955645 4889044544488955645 10] 71470577
[1 1719904128257064834 1719904128257064834 8] 66628691
[1 6481588027008507250 6481588027008507250 7] 112902647
[1 734592446513182065 734592446513182065 8] 121691604
[1 7457640055946008668 7457640055946008668 8] 113708959
[1 65281072076987413 65281072076987413 8] 121700536
[1 4475106793237928676 4475106793237928676 7] 110163112
[1 3274168525665820313 3274168525665820313 7] 97561182
[1 8959350751557039550 8959350751557039550 7] 101219414
[1 188298230885325765 188298230885325765 7] 95018501
[1 2362446847867864768 2362446847867864768 6] 142251825
[1 8813438948783652661 8813438948783652661 6] 144647689
[1 2423815736635418286 2423815736635418286 6] 146199029
[1 2024667237626825566 2024667237626825566 6] 136845635
[1 7120628415427462898 7120628415427462898 6] 144449891
[1 1755710550109762647 1755710550109762647 6] 136421582
[1 3322115445419574041 3322115445419574041 5] 131747247
[1 6149652210555691411 6149652210555691411 5] 127741037
[1 299017200798257185 299017200798257185 5] 128374330
[1 1643096707707766227 1643096707707766227 6] 127495920
[1 4063616305869320469 4063616305869320469 5] 127477204
[1 2899810306460920575 2899810306460920575 6] 127334001
[1 2016187078435865310 2016187078435865310 5] 125754204
[1 6224901217148171972 6224901217148171972 5] 152572791
[1 6522882028041492777 6522882028041492777 5] 126872039
[1 437485833847434610 437485833847434610 5] 127325977
[1 4571494471588410399 4571494471588410399 5] 136780936
[1 1867263731343969693 1867263731343969693 4] 162400392
[1 194901708358462687 194901708358462687 4] 187379361
[1 4539981729959298355 4539981729959298355 4] 189697057
[1 2041583049155452133 2041583049155452133 4] 159734971
[1 65281072076987413 65281072076987413 4] 184781153
[1 3990301012644747093 3990301012644747093 4] 173722203
[1 7486420996130192751 7486420996130192751 4] 164422537
[1 6427445919344566720 6427445919344566720 3] 198819893
[1 5014386525507742238 5014386525507742238 3] 160071927
[1 775798024421069700 775798024421069700 2] 206297317
[1 3604631005327317358 3604631005327317358 3] 195969223
[1 6677788738934613478 6677788738934613478 3] 185084888
[1 188298230885325765 188298230885325765 3] 185223263
[1 2034601758941119156 2034601758941119156 2] 184822220
[1 4387800982861812278 4387800982861812278 2] 180427430
[1 830539103387696557 830539103387696557 2] 185272390
[1 8813438948783652661 8813438948783652661 2] 207862884
[1 4783208449973014378 4783208449973014378 2] 188724305
[1 1368790009816293228 1368790009816293228 2] 190899135
[1 7413609510133063015 7413609510133063015 1] 229252719
[1 2793302479550237922 2793302479550237922 1] 236136688
[1 1511323233739817806 1511323233739817806 1] 243374453
[1 2362446847867864768 2362446847867864768 1] 241973831
[1 4238356272867122178 4238356272867122178 1] 219851329
[1 3826047074646187463 3826047074646187463 1] 242199931
[1 3826047074646187463 3826047074646187463 1] 226695661
[1 9003525225793406809 9003525225793406809 1] 214644004
[1 4568262719152854072 4568262719152854072 1] 231690729
[1 1623711085914951513 1623711085914951513 1] 212903725
[1 4625117666449960784 4625117666449960784 1] 213640974

Prio stats: 12 8 6 7 9 9 5 4 2 6 3 3 2 2 1 21
Results: 100.00 493293497