**********************************
DTU - OS Challenge - Client v0.20
**********************************
Total requests: 100
Start: Random
Difficulty: 60000000
Repetition probability (%): 20
Request delay (us): 600000
Priority enabled - lambda: 1.50

[1 3891912525472319017 3891912525472319017 1] 355971
[1 3524944295492354525 3524944295492354525 1] 2888847
[1 6465365841824317134 6465365841824317134 1] 5810646
[1 3524944295492354525 3524944295492354525 1] 6322632
[1 5948993619004795236 5948993619004795236 2] 9947542
[1 9136702578193434504 9136702578193434504 2] 14141247
[1 6028263137173684739 6028263137173684739 1] 10838130
[1 3524944295492354525 3524944295492354525 2] 9752344
[1 2473666473174750345 2473666473174750345 1] 16103231
[1 7686640157670475335 7686640157670475335 1] 6160957
[1 6623483670943052193 6623483670943052193 1] 18048101
[1 5994124056994470692 5994124056994470692 1] 22644126
[1 7230154307701577625 7230154307701577625 1] 14806362
[1 7618895698711858468 7618895698711858468 1] 2106648
[1 3305412918947348215 3305412918947348215 1] 30080484
[1 5502909677952130479 5502909677952130479 1] 38650709
[1 8897930618967169584 8897930618967169584 2] 18715359
[1 3524944295492354525 3524944295492354525 1] 22526456
[1 866051710203306757 866051710203306757 1] 1766213
[1 4589168502877517079 4589168502877517079 3] 43757426
[1 8751121734910989182 8751121734910989182 2] 16111734
[1 5259391866149726936 5259391866149726936 1] 28445805
[1 3305412918947348215 3305412918947348215 2] 50801027
[1 8206614736999024242 8206614736999024242 1] 68548940
[1 1717463607729336300 1717463607729336300 1] 36486486
[1 5259391866149726936 5259391866149726936 5] 37170934
[1 4589168502877517079 4589168502877517079 1] 61490310
[1 7628049811414017422 7628049811414017422 3] 50798793
[1 6121147791370515209 6121147791370515209 1] 48516308
[1 2317079268237921964 2317079268237921964 2] 25215286
[1 5948993619004795236 5948993619004795236 1] 57616616
[1 1871270848413250141 1871270848413250141 1] 76932768
[1 3583927516565450811 3583927516565450811 1] 40825624
[1 7975978953324352923 7975978953324352923 1] 33772659
[1 5685768695680428377 5685768695680428377 2] 84176872
[1 859296714997048174 859296714997048174 2] 38281405
[1 306126023181094508 306126023181094508 1] 68301866
[1 9136702578193434504 9136702578193434504 1] 90203849
[1 4380451183062330894 4380451183062330894 1] 89595155
[1 688074034758609906 688074034758609906 1] 54103837
[1 7347835875698804174 7347835875698804174 1] 48765918
[1 5705692500215429947 5705692500215429947 1] 71746136
[1 4589168502877517079 4589168502877517079 1] 83533012
[1 2793781518004704453 2793781518004704453 1] 82177993
[1 8555152419105676635 8555152419105676635 1] 109137139
[1 6623483670943052193 6623483670943052193 1] 69783104
[1 1030041856088679904 1030041856088679904 1] 104982150
[1 1275007360331914680 1275007360331914680 1] 108095883
[1 4380451183062330894 4380451183062330894 1] 102452744
[1 220957617152666889 220957617152666889 1] 104699532
[1 4589168502877517079 4589168502877517079 1] 89228844
[1 6681809476221960301 6681809476221960301 1] 101925760
[1 4786789044354245594 4786789044354245594 2] 98370490
[1 3022523710936213978 3022523710936213978 2] 114092737
[1 700734140822267139 700734140822267139 1] 125633504
[1 1030041856088679904 1030041856088679904 1] 117312679
[1 5411393050635835008 5411393050635835008 1] 106693884
[1 7254539414218470546 7254539414218470546 1] 130932134
[1 4786789044354245594 4786789044354245594 1] 105980219
[1 1030041856088679904 1030041856088679904 1] 123503219
[1 700734140822267139 700734140822267139 2] 128005969
[1 8756500648515859929 8756500648515859929 1] 92517180
[1 6554819255695809775 6554819255695809775 1] 129122840
[1 3041668464818547482 3041668464818547482 1] 102428336
[1 6220800448332305297 6220800448332305297 1] 104901971
[1 3058232950770503336 3058232950770503336 3] 111273975
[1 220957617152666889 220957617152666889 2] 99737143
[1 5254669020296825119 5254669020296825119 1] 151031853
[1 6813779313607289777 6813779313607289777 1] 121420006
[1 8046042694701344701 8046042694701344701 1] 151835975
[1 2010568517865674772 2010568517865674772 1] 151527837
[1 532236067607757851 532236067607757851 1] 147150025
[1 8712369365422504466 8712369365422504466 2] 120176676
[1 6873916741629642802 6873916741629642802 1] 135128399
[1 3265170934346171580 3265170934346171580 1] 135191231
[1 7516372754632857436 7516372754632857436 1] 154362098
[1 7584507543822523343 7584507543822523343 1] 128758164
[1 2510839818503808371 2510839818503808371 1] 134794298
[1 1504799814641634602 1504799814641634602 1] 127835560
[1 700734140822267139 700734140822267139 2] 118992308
[1 789340691915922594 789340691915922594 1] 117980528
[1 7866110948683187157 7866110948683187157 1] 115293626
[1 3265170934346171580 3265170934346171580 1] 130709218
[1 1674204358114357946 1674204358114357946 1] 152547560
[1 6559584327919863800 6559584327919863800 1] 147958666
[1 8863270560031197346 8863270560031197346 2] 122628077
[1 7757442443486122754 7757442443486122754 1] 135505976
[1 3639623822673562118 3639623822673562118 1] 121910685
[1 5032776610125607428 5032776610125607428 1] 137650425
[1 898418948460538997 898418948460538997 1] 118861568
[1 6159325270757820880 6159325270757820880 1] 125501069
[1 4998857766867648190 4998857766867648190 3] 147723048
[1 5319792819109763524 5319792819109763524 1] 126810956
[1 6762250369699835890 6762250369699835890 3] 128408588
[1 2667979663506019336 2667979663506019336 1] 147476594
[1 7577176592343359453 7577176592343359453 1] 134652949
[1 5181958362948808516 5181958362948808516 1] 150194532
[1 6760691021844353021 6760691021844353021 3] 130436945
[1 8906533583706233028 8906533583706233028 5] 122312218
[1 7577176592343359453 7577176592343359453 1] 121402769

Prio stats: 76 16 6 0 2 0 0 0 0 0 0 0 0 0 0 0 
Results: 100.00 114659010
**********************************
DTU - OS Challenge - Client v0.20
**********************************
Total requests: 100
Start: Random
Difficulty: 60000000
Repetition probability (%): 20
Request delay (us): 600000
Priority enabled - lambda: 1.50

[1 3891912525472319017 3891912525472319017 1] 360758
[1 3524944295492354525 3524944295492354525 1] 2320140
[1 6465365841824317134 6465365841824317134 1] 5356363
[1 3524944295492354525 3524944295492354525 1] 6086288
[1 5948993619004795236 5948993619004795236 2] 9223365
[1 3524944295492354525 3524944295492354525 2] 9255148
[1 9136702578193434504 9136702578193434504 2] 17577803
[1 6028263137173684739 6028263137173684739 1] 12208655
[1 2473666473174750345 2473666473174750345 1] 16242500
[1 7686640157670475335 7686640157670475335 1] 6299988
[1 6623483670943052193 6623483670943052193 1] 18825817
[1 7230154307701577625 7230154307701577625 1] 14363967
[1 5502909677952130479 5502909677952130479 1] 32630834
[1 7618895698711858468 7618895698711858468 1] 1965900
[1 5994124056994470692 5994124056994470692 1] 26781030
[1 8897930618967169584 8897930618967169584 2] 18513316
[1 3524944295492354525 3524944295492354525 1] 22093469
[1 3305412918947348215 3305412918947348215 1] 32640398
[1 4589168502877517079 4589168502877517079 3] 38095844
[1 866051710203306757 866051710203306757 1] 1838618
[1 8751121734910989182 8751121734910989182 2] 15407627
[1 5259391866149726936 5259391866149726936 1] 27278530
[1 5259391866149726936 5259391866149726936 5] 31032625
[1 1717463607729336300 1717463607729336300 1] 34938129
[1 6121147791370515209 6121147791370515209 1] 46664010
[1 7628049811414017422 7628049811414017422 3] 49275310
[1 3305412918947348215 3305412918947348215 2] 57100962
[1 5948993619004795236 5948993619004795236 1] 56054753
[1 1871270848413250141 1871270848413250141 1] 75880496
[1 2317079268237921964 2317079268237921964 2] 26213949
[1 4589168502877517079 4589168502877517079 1] 70218065
[1 8206614736999024242 8206614736999024242 1] 80548786
[1 3583927516565450811 3583927516565450811 1] 39249471
[1 7975978953324352923 7975978953324352923 1] 32420211
[1 5685768695680428377 5685768695680428377 2] 82622315
[1 859296714997048174 859296714997048174 2] 37526749
[1 306126023181094508 306126023181094508 1] 68154543
[1 688074034758609906 688074034758609906 1] 51987833
[1 4380451183062330894 4380451183062330894 1] 90423190
[1 7347835875698804174 7347835875698804174 1] 49632161
[1 9136702578193434504 9136702578193434504 1] 98061901
[1 4589168502877517079 4589168502877517079 1] 87575936
[1 5705692500215429947 5705692500215429947 1] 77428011
[1 6623483670943052193 6623483670943052193 1] 67909124
[1 8555152419105676635 8555152419105676635 1] 110092158
[1 2793781518004704453 2793781518004704453 1] 85012622
[1 1030041856088679904 1030041856088679904 1] 105839410
[1 1275007360331914680 1275007360331914680 1] 111694109
[1 220957617152666889 220957617152666889 1] 106717794
[1 4589168502877517079 4589168502877517079 1] 89486300
[1 6681809476221960301 6681809476221960301 1] 101707464
[1 700734140822267139 700734140822267139 1] 121070432
[1 4380451183062330894 4380451183062330894 1] 107734087
[1 1030041856088679904 1030041856088679904 1] 118996914
[1 4786789044354245594 4786789044354245594 1] 102094215
[1 3022523710936213978 3022523710936213978 2] 115272246
[1 5411393050635835008 5411393050635835008 1] 107386367
[1 7254539414218470546 7254539414218470546 1] 131524082
[1 4786789044354245594 4786789044354245594 2] 105313352
[1 8756500648515859929 8756500648515859929 1] 90920581
[1 6554819255695809775 6554819255695809775 1] 127240551
[1 1030041856088679904 1030041856088679904 1] 122268933
[1 700734140822267139 700734140822267139 2] 129148243
[1 3041668464818547482 3041668464818547482 1] 101210977
[1 220957617152666889 220957617152666889 2] 96756956
[1 6220800448332305297 6220800448332305297 1] 111554302
[1 3058232950770503336 3058232950770503336 3] 114905850
[1 5254669020296825119 5254669020296825119 1] 154875039
[1 6813779313607289777 6813779313607289777 1] 122590114
[1 532236067607757851 532236067607757851 1] 148300418
[1 8712369365422504466 8712369365422504466 2] 122128554
[1 6873916741629642802 6873916741629642802 1] 137246893
[1 700734140822267139 700734140822267139 2] 118181972
[1 7866110948683187157 7866110948683187157 1] 113806007
[1 7516372754632857436 7516372754632857436 1] 154839388
[1 2010568517865674772 2010568517865674772 1] 157200957
[1 789340691915922594 789340691915922594 1] 119228924
[1 2510839818503808371 2510839818503808371 1] 136839741
[1 8046042694701344701 8046042694701344701 1] 159176942
[1 7584507543822523343 7584507543822523343 1] 130971883
[1 3265170934346171580 3265170934346171580 1] 138895422
[1 1504799814641634602 1504799814641634602 1] 130939051
[1 1674204358114357946 1674204358114357946 1] 152632281
[1 3265170934346171580 3265170934346171580 1] 132564162
[1 8863270560031197346 8863270560031197346 2] 123042205
[1 4998857766867648190 4998857766867648190 3] 147083220
[1 6559584327919863800 6559584327919863800 1] 150462825
[1 5319792819109763524 5319792819109763524 1] 126859759
[1 7757442443486122754 7757442443486122754 1] 138540767
[1 5032776610125607428 5032776610125607428 1] 140418576
[1 898418948460538997 898418948460538997 1] 121220156
[1 6762250369699835890 6762250369699835890 3] 129732331
[1 6159325270757820880 6159325270757820880 1] 128406139
[1 3639623822673562118 3639623822673562118 1] 125450608
[1 2667979663506019336 2667979663506019336 1] 149909873
[1 8906533583706233028 8906533583706233028 5] 123852238
[1 5181958362948808516 5181958362948808516 1] 152204512
[1 7577176592343359453 7577176592343359453 1] 137372130
[1 6760691021844353021 6760691021844353021 3] 132948994
[1 7577176592343359453 7577176592343359453 1] 123488364

Prio stats: 76 16 6 0 2 0 0 0 0 0 0 0 0 0 0 0 
Results: 100.00 115685505
**********************************
DTU - OS Challenge - Client v0.20
**********************************
Total requests: 100
Start: Random
Difficulty: 60000000
Repetition probability (%): 20
Request delay (us): 600000
Priority enabled - lambda: 1.50

[1 3891912525472319017 3891912525472319017 1] 366830
[1 3524944295492354525 3524944295492354525 1] 2355955
[1 6465365841824317134 6465365841824317134 1] 5441009
[1 3524944295492354525 3524944295492354525 1] 4690400
[1 5948993619004795236 5948993619004795236 2] 11074725
[1 3524944295492354525 3524944295492354525 2] 9115117
[1 6028263137173684739 6028263137173684739 1] 10853010
[1 9136702578193434504 9136702578193434504 2] 18129565
[1 2473666473174750345 2473666473174750345 1] 16538958
[1 7686640157670475335 7686640157670475335 1] 6479086
[1 6623483670943052193 6623483670943052193 1] 17754607
[1 5994124056994470692 5994124056994470692 1] 24317158
[1 7230154307701577625 7230154307701577625 1] 15709217
[1 7618895698711858468 7618895698711858468 1] 2048384
[1 5502909677952130479 5502909677952130479 1] 35768304
[1 8897930618967169584 8897930618967169584 2] 18069897
[1 3524944295492354525 3524944295492354525 1] 22461638
[1 3305412918947348215 3305412918947348215 1] 33242569
[1 4589168502877517079 4589168502877517079 3] 41202889
[1 866051710203306757 866051710203306757 1] 1679732
[1 8751121734910989182 8751121734910989182 2] 14719948
[1 5259391866149726936 5259391866149726936 1] 31014125
[1 3305412918947348215 3305412918947348215 2] 51950857
[1 6121147791370515209 6121147791370515209 1] 44257561
[1 5259391866149726936 5259391866149726936 5] 34049636
[1 1717463607729336300 1717463607729336300 1] 34439616
[1 8206614736999024242 8206614736999024242 1] 71309247
[1 1871270848413250141 1871270848413250141 1] 71197015
[1 7628049811414017422 7628049811414017422 3] 52500071
[1 5948993619004795236 5948993619004795236 1] 53526664
[1 4589168502877517079 4589168502877517079 1] 64036928
[1 2317079268237921964 2317079268237921964 2] 25088486
[1 3583927516565450811 3583927516565450811 1] 37495720
[1 7975978953324352923 7975978953324352923 1] 32475064
[1 859296714997048174 859296714997048174 2] 37046862
[1 5685768695680428377 5685768695680428377 2] 87183651
[1 306126023181094508 306126023181094508 1] 71541468
[1 688074034758609906 688074034758609906 1] 50740354
[1 9136702578193434504 9136702578193434504 1] 89612157
[1 4380451183062330894 4380451183062330894 1] 91159452
[1 7347835875698804174 7347835875698804174 1] 50085330
[1 4589168502877517079 4589168502877517079 1] 83304964
[1 2793781518004704453 2793781518004704453 1] 77856186
[1 5705692500215429947 5705692500215429947 1] 75522492
[1 6623483670943052193 6623483670943052193 1] 66347481
[1 1030041856088679904 1030041856088679904 1] 102884230
[1 8555152419105676635 8555152419105676635 1] 111741487
[1 1275007360331914680 1275007360331914680 1] 109605583
[1 4589168502877517079 4589168502877517079 1] 88351407
[1 4380451183062330894 4380451183062330894 1] 104107769
[1 220957617152666889 220957617152666889 1] 106075147
[1 700734140822267139 700734140822267139 1] 119284833
[1 5411393050635835008 5411393050635835008 1] 101409192
[1 6681809476221960301 6681809476221960301 1] 103596044
[1 700734140822267139 700734140822267139 2] 120470996
[1 4786789044354245594 4786789044354245594 2] 99805989
[1 4786789044354245594 4786789044354245594 1] 101539174
[1 1030041856088679904 1030041856088679904 1] 119656198
[1 6554819255695809775 6554819255695809775 1] 123866968
[1 3022523710936213978 3022523710936213978 2] 116227409
[1 1030041856088679904 1030041856088679904 1] 120637908
[1 8756500648515859929 8756500648515859929 1] 91558345
[1 3041668464818547482 3041668464818547482 1] 98954680
[1 7254539414218470546 7254539414218470546 1] 135428572
[1 6220800448332305297 6220800448332305297 1] 106771263
[1 3058232950770503336 3058232950770503336 3] 110231538
[1 220957617152666889 220957617152666889 2] 96148565
[1 5254669020296825119 5254669020296825119 1] 152648619
[1 7516372754632857436 7516372754632857436 1] 150021431
[1 6813779313607289777 6813779313607289777 1] 123600017
[1 6873916741629642802 6873916741629642802 1] 135432558
[1 2010568517865674772 2010568517865674772 1] 153472439
[1 700734140822267139 700734140822267139 2] 116276763
[1 1504799814641634602 1504799814641634602 1] 126001995
[1 8046042694701344701 8046042694701344701 1] 155457483
[1 8712369365422504466 8712369365422504466 2] 121937670
[1 7866110948683187157 7866110948683187157 1] 112797941
[1 532236067607757851 532236067607757851 1] 150210766
[1 789340691915922594 789340691915922594 1] 117090280
[1 2510839818503808371 2510839818503808371 1] 135242770
[1 3265170934346171580 3265170934346171580 1] 137631724
[1 7584507543822523343 7584507543822523343 1] 130157739
[1 3265170934346171580 3265170934346171580 1] 130568336
[1 8863270560031197346 8863270560031197346 2] 121497105
[1 1674204358114357946 1674204358114357946 1] 152859765
[1 7757442443486122754 7757442443486122754 1] 135452823
[1 5319792819109763524 5319792819109763524 1] 124736196
[1 6559584327919863800 6559584327919863800 1] 148980122
[1 898418948460538997 898418948460538997 1] 117799191
[1 4998857766867648190 4998857766867648190 3] 146466184
[1 3639623822673562118 3639623822673562118 1] 122176279
[1 5032776610125607428 5032776610125607428 1] 138481214
[1 6762250369699835890 6762250369699835890 3] 127715435
[1 6159325270757820880 6159325270757820880 1] 126339888
[1 2667979663506019336 2667979663506019336 1] 146942991
[1 5181958362948808516 5181958362948808516 1] 149044483
[1 7577176592343359453 7577176592343359453 1] 134213134
[1 8906533583706233028 8906533583706233028 5] 121409513
[1 6760691021844353021 6760691021844353021 3] 130289750
[1 7577176592343359453 7577176592343359453 1] 120824597

Prio stats: 76 16 6 0 2 0 0 0 0 0 0 0 0 0 0 0 
Results: 100.00 114012828
