**********************************
DTU - OS Challenge - Client v0.20
**********************************
Total requests: 1000
Start: Random
Difficulty: 30000000
Repetition probability (%): 20
Request delay (us): 600000
Priority enabled - lambda: 1.50

[1 2534080848504833637 2534080848504833637 1] 4751602
[1 734592446513182065 734592446513182065 2] 4348986
[1 734592446513182065 734592446513182065 1] 599
[1 144573006434803742 144573006434803742 1] 5545331
[1 2362446847867864768 2362446847867864768 1] 5266041
[1 2362446847867864768 2362446847867864768 1] 605
[1 2793302479550237922 2793302479550237922 1] 5215715
[1 7579227685816234595 7579227685816234595 3] 6881165
[1 4402948556259363451 4402948556259363451 1] 7399100
[1 775798024421069700 775798024421069700 1] 4802071
[1 2362446847867864768 2362446847867864768 1] 469
[1 734592446513182065 734592446513182065 2] 7243473
[1 1511323233739817806 1511323233739817806 1] 8475220
[1 7413609510133063015 7413609510133063015 1] 4869152
[1 4325101186680591916 4325101186680591916 1] 9655107
[1 194901708358462687 194901708358462687 1] 7767918
[1 4539981729959298355 4539981729959298355 1] 9401547
[1 2534080848504833637 2534080848504833637 3] 671
[1 8813438948783652661 8813438948783652661 1] 10652183
[1 6481588027008507250 6481588027008507250 1] 7667124
[1 6427445919344566720 6427445919344566720 1] 9294008
[1 65281072076987413 65281072076987413 1] 11395480
[1 2423815736635418286 2423815736635418286 1] 11330511
[1 1504946346371376639 1504946346371376639 2] 8386748
[1 8813438948783652661 8813438948783652661 1] 624
[1 5546712864438187884 5546712864438187884 2] 10968575
[1 3826047074646187463 3826047074646187463 1] 13118784
[1 2362446847867864768 2362446847867864768 1] 501
[1 3118897387058355560 3118897387058355560 2] 11536489
[1 2423815736635418286 2423815736635418286 1] 13419558
[1 3826047074646187463 3826047074646187463 1] 591
[1 194901708358462687 194901708358462687 1] 1095
[1 9063614686281648555 9063614686281648555 1] 13944214
[1 7457640055946008668 7457640055946008668 1] 14765239
[1 2404287123253513670 2404287123253513670 1] 13526430
[1 6224901217148171972 6224901217148171972 1] 15755957
[1 7120628415427462898 7120628415427462898 1] 15587059
[1 6184224123268371659 6184224123268371659 5] 15782758
[1 5546712864438187884 5546712864438187884 1] 554
[1 7056397236067230492 7056397236067230492 3] 15746416
[1 65281072076987413 65281072076987413 1] 17843324
[1 4881638827078685502 4881638827078685502 2] 15489215
[1 5082294164254468326 5082294164254468326 1] 18607370
[1 4475106793237928676 4475106793237928676 1] 16633374
[1 3152585022778420104 3152585022778420104 3] 16778207
[1 3604631005327317358 3604631005327317358 1] 19339913
[1 2024667237626825566 2024667237626825566 1] 18673073
[1 5853151758892767402 5853151758892767402 2] 18493520
[1 1755710550109762647 1755710550109762647 1] 17444582
[1 1867263731343969693 1867263731343969693 1] 15110927
[1 6481617086072149703 6481617086072149703 1] 15878524
[1 8469120784247382523 8469120784247382523 2] 14977287
[1 543933806449348227 543933806449348227 3] 18046965
[1 6224901217148171972 6224901217148171972 1] 20345500
[1 8412094805934371413 8412094805934371413 1] 15794920
[1 4238356272867122178 4238356272867122178 1] 14890915
[1 3322115445419574041 3322115445419574041 1] 15342367
[1 3990301012644747093 3990301012644747093 1] 18087127
[1 4568262719152854072 4568262719152854072 1] 19646332
[1 6677788738934613478 6677788738934613478 1] 18491175
[1 2034601758941119156 2034601758941119156 1] 15370272
[1 2041583049155452133 2041583049155452133 1] 15102975
[1 188298230885325765 188298230885325765 1] 18459643
[1 7192606909766198139 7192606909766198139 2] 15896909
[1 3274168525665820313 3274168525665820313 1] 17159041
[1 2362446847867864768 2362446847867864768 2] 658
[1 6149652210555691411 6149652210555691411 1] 15193709
[1 6488079815406579091 6488079815406579091 2] 20032098
[1 4387800982861812278 4387800982861812278 1] 14718223
[1 2041583049155452133 2041583049155452133 1] 1098
[1 299017200798257185 299017200798257185 1] 15175737
[1 8959350751557039550 8959350751557039550 1] 18121538
[1 1691493319748746388 1691493319748746388 1] 19903889
[1 6459227495295035902 6459227495295035902 2] 19500685
[1 830539103387696557 830539103387696557 1] 17954819
[1 6423505784789735895 6423505784789735895 2] 19587211
[1 6143266650014896614 6143266650014896614 2] 20992533
[1 7486420996130192751 7486420996130192751 1] 20095776
[1 4783208449973014378 4783208449973014378 1] 20885222
[1 9003525225793406809 9003525225793406809 1] 20455693
[1 1368790009816293228 1368790009816293228 1] 22463189
[1 4889044544488955645 4889044544488955645 1] 23148154
[1 188298230885325765 188298230885325765 1] 22429371
[1 6481588027008507250 6481588027008507250 1] 556
[1 4063616305869320469 4063616305869320469 1] 22343593
[1 5014386525507742238 5014386525507742238 1] 21996207
[1 1202761757499872340 1202761757499872340 1] 24301882
[1 1754341443584370596 1754341443584370596 1] 24931293
[1 1368790009816293228 1368790009816293228 1] 565
[1 1643096707707766227 1643096707707766227 1] 25296200
[1 2016187078435865310 2016187078435865310 1] 22179194
[1 734592446513182065 734592446513182065 1] 583
[1 4571494471588410399 4571494471588410399 1] 25302539
[1 1623711085914951513 1623711085914951513 1] 25111641
[1 2899810306460920575 2899810306460920575 1] 27220311
[1 6522882028041492777 6522882028041492777 1] 23963511
[1 5117259440023367980 5117259440023367980 1] 24619945
[1 4625117666449960784 4625117666449960784 1] 26950682
[1 7648070865145929565 7648070865145929565 2] 26543217
[1 1202761757499872340 1202761757499872340 1] 1094
[1 973789200653990917 973789200653990917 1] 24107801
[1 7332313593179142680 7332313593179142680 1] 22865284
[1 1719904128257064834 1719904128257064834 1] 24790350
[1 1636651290226904642 1636651290226904642 2] 22538378
[1 437485833847434610 437485833847434610 1] 24539002
[1 5052597226054880269 5052597226054880269 1] 22173743
[1 7192606909766198139 7192606909766198139 1] 496
[1 3528843856380800455 3528843856380800455 1] 24996160
[1 4578859820317211203 4578859820317211203 1] 22540060
[1 5324807480767963583 5324807480767963583 1] 21690795
[1 5546712864438187884 5546712864438187884 2] 518
[1 3056935101947936321 3056935101947936321 1] 24632143
[1 1423594309140718664 1423594309140718664 1] 23353221
[1 6621214734279361053 6621214734279361053 1] 21575628
[1 4209816133465409377 4209816133465409377 1] 25986596
[1 5736506011685513855 5736506011685513855 1] 22728787
[1 7056397236067230492 7056397236067230492 1] 533
[1 7083445861159801740 7083445861159801740 2] 24221441
[1 6594731957669765800 6594731957669765800 1] 25598710
[1 6149652210555691411 6149652210555691411 1] 630
[1 3986562849388276295 3986562849388276295 1] 25019446
[1 2484143475827320018 2484143475827320018 1] 24210898
[1 640355413593647557 640355413593647557 1] 23506279
[1 2707865817758435094 2707865817758435094 2] 25517543
[1 452426792638252267 452426792638252267 1] 22727075
[1 1644736183561893619 1644736183561893619 1] 22402944
[1 5473673147457920244 5473673147457920244 1] 21604488
[1 2133008165340658745 2133008165340658745 2] 26247768
[1 8702737910597480321 8702737910597480321 1] 22840742
[1 8412781360620923179 8412781360620923179 1] 25978481
[1 7333774302736409712 7333774302736409712 1] 20597592
[1 2759567550678525695 2759567550678525695 1] 20271318
[1 5014386525507742238 5014386525507742238 1] 698
[1 2961708466183274113 2961708466183274113 1] 23150972
[1 3479178647540675 3479178647540675 1] 22051842
[1 6055407793846710881 6055407793846710881 1] 25462664
[1 4691797828371083882 4691797828371083882 1] 21091327
[1 3479178647540675 3479178647540675 1] 1106
[1 5176237346285668561 5176237346285668561 1] 22834786
[1 7706805436886922124 7706805436886922124 2] 22065598
[1 7110941327427811963 7110941327427811963 1] 22961306
[1 7158620314122222797 7158620314122222797 1] 21960378
[1 679668748513524537 679668748513524537 1] 25283136
[1 3020197751155015731 3020197751155015731 1] 21338568
[1 8247772754584940318 8247772754584940318 2] 20946507
[1 6481588027008507250 6481588027008507250 2] 560
[1 530152528428158153 530152528428158153 1] 22938163
[1 3591483698894380682 3591483698894380682 1] 19278567
[1 734592446513182065 734592446513182065 2] 658
[1 2667704554060079793 2667704554060079793 1] 22882262
[1 8440570705697865874 8440570705697865874 1] 21693588
[1 2957636182858896333 2957636182858896333 2] 25321461
[1 2323980267231403843 2323980267231403843 1] 21356207
[1 7245315310219989943 7245315310219989943 1] 21103205
[1 1504946346371376639 1504946346371376639 1] 502
[1 1768727318966947693 1768727318966947693 1] 24857044
[1 1688850359566875913 1688850359566875913 1] 22625555
[1 2563537891305446661 2563537891305446661 1] 19755063
[1 4691756201951388191 4691756201951388191 2] 23386215
[1 5176237346285668561 5176237346285668561 2] 605
[1 2235922858539825506 2235922858539825506 2] 21791191
[1 7981168371649140750 7981168371649140750 1] 21353625
[1 6066106939692475731 6066106939692475731 1] 23356144
[1 2362446847867864768 2362446847867864768 1] 479
[1 6423505784789735895 6423505784789735895 1] 1068
[1 2235922858539825506 2235922858539825506 2] 1230
[1 5669426629233161698 5669426629233161698 2] 21684718
[1 2615394154833410180 2615394154833410180 2] 23369126
[1 410608344853378961 410608344853378961 1] 24794686
[1 8995744019898056167 8995744019898056167 2] 21659960
[1 5725871939025734469 5725871939025734469 1] 26290040
[1 6423505784789735895 6423505784789735895 1] 548
[1 7110941327427811963 7110941327427811963 1] 23922377
[1 3083784089075866630 3083784089075866630 1] 25624520
[1 2404287123253513670 2404287123253513670 1] 650
[1 5713795303067392837 5713795303067392837 1] 25791723
[1 7959351501206635075 7959351501206635075 1] 23796440
[1 4510541111714514722 4510541111714514722 1] 27297675
[1 25427740488377879 25427740488377879 1] 26541623
[1 88656058469450104 88656058469450104 1] 26341949
[1 6326565546618157095 6326565546618157095 1] 25718351
[1 1978023411655590551 1978023411655590551 2] 26963214
[1 6186662527931605646 6186662527931605646 1] 26138352
[1 878321853308119927 878321853308119927 1] 26332493
[1 2951302292927883595 2951302292927883595 2] 26215286
[1 6395973630409952388 6395973630409952388 1] 28514728
[1 7100115956698684273 7100115956698684273 1] 29747867
[1 988160916272038329 988160916272038329 1] 29293855
[1 2041583049155452133 2041583049155452133 1] 629
[1 7720741887896933514 7720741887896933514 1] 29493098
[1 9005756381983941198 9005756381983941198 2] 28112304
[1 242630997870908240 242630997870908240 1] 29988445
[1 6205895507568252281 6205895507568252281 1] 31307521
[1 1867263731343969693 1867263731343969693 3] 1284
[1 4163859357572880609 4163859357572880609 2] 29350008
[1 1786797960415602363 1786797960415602363 1] 31697828
[1 6488079815406579091 6488079815406579091 1] 630
[1 5714036118562183164 5714036118562183164 1] 31664253
[1 7120628415427462898 7120628415427462898 1] 1117
[1 6209632935000529379 6209632935000529379 1] 31968481
[1 6181441921403116218 6181441921403116218 1] 29913113
[1 299017200798257185 299017200798257185 1] 1074
[1 8564099665671196488 8564099665671196488 1] 28264219
[1 6925495995205485527 6925495995205485527 1] 25906550
[1 8809647106421131765 8809647106421131765 1] 30858004
[1 2133008165340658745 2133008165340658745 1] 629
[1 3826047074646187463 3826047074646187463 3] 666
[1 8041029694233392263 8041029694233392263 1] 27653460
[1 2372462708566917683 2372462708566917683 1] 26897391
[1 7720741887896933514 7720741887896933514 1] 30522125
[1 1382217281421510153 1382217281421510153 1] 28781217
[1 5817082888557953243 5817082888557953243 1] 26483861
[1 8563765941803923471 8563765941803923471 1] 25528176
[1 5461490872532999296 5461490872532999296 1] 32211111
[1 500671477540433317 500671477540433317 1] 25643965
[1 3353633611168371839 3353633611168371839 1] 28175995
[1 2423815736635418286 2423815736635418286 1] 571
[1 2608619040719086023 2608619040719086023 3] 25375775
[1 6604409028890398458 6604409028890398458 1] 29328001
[1 5014386525507742238 5014386525507742238 2] 664
[1 7324426078548096937 7324426078548096937 1] 27366410
[1 7510828775444520032 7510828775444520032 2] 30328737
[1 5874308926547513054 5874308926547513054 1] 26590959
[1 2450391230438655829 2450391230438655829 2] 26445275
[1 988160916272038329 988160916272038329 1] 30538823
[1 4484334342182807094 4484334342182807094 1] 29571020
[1 4691797828371083882 4691797828371083882 1] 516
[1 2902775518149563928 2902775518149563928 1] 29701539
[1 2493455707987002135 2493455707987002135 1] 31718392
[1 1269328546397533139 1269328546397533139 2] 28816172
[1 3152585022778420104 3152585022778420104 1] 1050
[1 4484334342182807094 4484334342182807094 1] 30148979
[1 276888136506025886 276888136506025886 2] 27210032
[1 3974662310833503936 3974662310833503936 1] 28143152
[1 6703236880448854912 6703236880448854912 1] 26987479
[1 1561759295924222778 1561759295924222778 1] 26515526
[1 4820322273056665644 4820322273056665644 2] 25992653
[1 3886006343053199902 3886006343053199902 2] 31592764
[1 203360083600135 203360083600135 1] 31321295
[1 2293484174238985569 2293484174238985569 1] 27817620
[1 8334537738724480724 8334537738724480724 1] 32887072
[1 3696240554012026355 3696240554012026355 2] 29938838
[1 8252111918419446115 8252111918419446115 2] 28800751
[1 4797939815326154120 4797939815326154120 1] 29726523
[1 4384589494785995572 4384589494785995572 1] 28193015
[1 6177450513648811962 6177450513648811962 1] 31891124
[1 3138865914211987353 3138865914211987353 1] 27168146
[1 6739269202183663694 6739269202183663694 1] 31700306
[1 2607819402521596392 2607819402521596392 1] 34076880
[1 5683827663076204202 5683827663076204202 1] 30606323
[1 8323076437721295431 8323076437721295431 1] 30999953
[1 4252224425837930793 4252224425837930793 2] 31924766
[1 2976705648500278632 2976705648500278632 1] 31069055
[1 4425898825351802169 4425898825351802169 1] 31950952
[1 6419016279972728470 6419016279972728470 1] 30296985
[1 4733706822608317943 4733706822608317943 1] 29907001
[1 8241663919943639456 8241663919943639456 2] 28745440
[1 5473673147457920244 5473673147457920244 2] 477
[1 5450699390666749467 5450699390666749467 2] 33080814
[1 5241294535549771651 5241294535549771651 1] 30562971
[1 1884956663311175979 1884956663311175979 1] 30153714
[1 299017200798257185 299017200798257185 1] 677
[1 7368996169136332484 7368996169136332484 1] 34867150
[1 1304777749071274024 1304777749071274024 1] 30280713
[1 1678276299793924385 1678276299793924385 1] 29872795
[1 1854585463930301578 1854585463930301578 2] 32138726
[1 223440886057325973 223440886057325973 1] 29547086
[1 1924337394457498805 1924337394457498805 1] 29224335
[1 4418402178925663952 4418402178925663952 1] 30005560
[1 7209400215156338394 7209400215156338394 1] 33321536
[1 4406391457682319264 4406391457682319264 1] 28621790
[1 7510828775444520032 7510828775444520032 1] 1068
[1 6739269202183663694 6739269202183663694 1] 1029
[1 4222454969874026056 4222454969874026056 1] 34026375
[1 2362446847867864768 2362446847867864768 1] 512
[1 299017200798257185 299017200798257185 1] 645
[1 4500479876494902112 4500479876494902112 1] 32688250
[1 7299155276803035682 7299155276803035682 2] 31090367
[1 3598152335177071450 3598152335177071450 1] 31412170
[1 4027925441411345145 4027925441411345145 1] 31886086
[1 689675894688195993 689675894688195993 3] 33388356
[1 1884956663311175979 1884956663311175979 1] 1036
[1 3000089680693884276 3000089680693884276 1] 30655634
[1 6262913009910473627 6262913009910473627 2] 31664540
[1 7869124646731260012 7869124646731260012 1] 31588408
[1 2835083123487432119 2835083123487432119 1] 34121778
[1 3623210729123536364 3623210729123536364 1] 30742534
[1 5024005365786298224 5024005365786298224 1] 30628094
[1 4691797828371083882 4691797828371083882 1] 427
[1 7368996169136332484 7368996169136332484 1] 35030815
[1 4015823473805546899 4015823473805546899 5] 31357300
[1 6205895507568252281 6205895507568252281 2] 627
[1 194901708358462687 194901708358462687 2] 669
[1 2827089930206818739 2827089930206818739 1] 34360240
[1 7564496488149924340 7564496488149924340 1] 35149925
[1 5241294535549771651 5241294535549771651 1] 1022
[1 6226373918551262700 6226373918551262700 1] 33622412
[1 7299155276803035682 7299155276803035682 1] 522
[1 543933806449348227 543933806449348227 1] 718
[1 2041583049155452133 2041583049155452133 1] 489
[1 6363021835326843386 6363021835326843386 2] 34427581
[1 7179133576396330540 7179133576396330540 1] 34670420
[1 65281072076987413 65281072076987413 1] 632
[1 2157580786496160311 2157580786496160311 1] 33142305
[1 8323076437721295431 8323076437721295431 1] 35273311
[1 3124105503555707103 3124105503555707103 1] 36238416
[1 4915037906597823323 4915037906597823323 2] 37012315
[1 349380747702939018 349380747702939018 1] 34355733
[1 2227581384246786948 2227581384246786948 2] 34533840
[1 1454450557457318903 1454450557457318903 1] 37077228
[1 6213734397409716068 6213734397409716068 1] 36430336
[1 5500881474334741535 5500881474334741535 1] 37850450
[1 3118897387058355560 3118897387058355560 1] 477
[1 9183589395669793795 9183589395669793795 3] 36265978
[1 9169583293910868445 9169583293910868445 2] 37429583
[1 3214214179010442975 3214214179010442975 1] 37028262
[1 59732288773997284 59732288773997284 1] 36746278
[1 1593626704767875777 1593626704767875777 1] 36170836
[1 8630570987576487364 8630570987576487364 2] 36539274
[1 1553351868169198524 1553351868169198524 1] 40077532
[1 8893467400613295245 8893467400613295245 1] 39229850
[1 625752405965824007 625752405965824007 1] 37325068
[1 5546712864438187884 5546712864438187884 2] 504
[1 2140556533628101617 2140556533628101617 1] 39198392
[1 6703236880448854912 6703236880448854912 1] 482
[1 6970694805512411920 6970694805512411920 1] 38737477
[1 2486595304839889068 2486595304839889068 1] 41570298
[1 4026086645963848132 4026086645963848132 2] 37974102
[1 229896673213272955 229896673213272955 1] 39154315
[1 8016351889049416839 8016351889049416839 1] 37599079
[1 8202655399220147698 8202655399220147698 1] 40751028
[1 3085979894660728460 3085979894660728460 1] 40891051
[1 3551412392854034839 3551412392854034839 1] 36641537
[1 8975326870130194698 8975326870130194698 3] 39757358
[1 5297166931528432832 5297166931528432832 1] 34374079
[1 188298230885325765 188298230885325765 1] 630
[1 1725622992376502676 1725622992376502676 1] 35703596
[1 2036623190647379945 2036623190647379945 1] 34414909
[1 8041029694233392263 8041029694233392263 1] 643
[1 988160916272038329 988160916272038329 1] 595
[1 7747829096060162138 7747829096060162138 2] 42451459
[1 2001166196017553488 2001166196017553488 1] 37880010
[1 4384589494785995572 4384589494785995572 1] 497
[1 851669798651112196 851669798651112196 1] 38999600
[1 5500881474334741535 5500881474334741535 1] 38233108
[1 9151380673007977908 9151380673007977908 1] 38147210
[1 7517452838639578111 7517452838639578111 1] 39508157
[1 4507991751251991033 4507991751251991033 2] 37185838
[1 2793302479550237922 2793302479550237922 1] 627
[1 5107134308154167798 5107134308154167798 1] 35444269
[1 1614412163847339262 1614412163847339262 1] 39777527
[1 5755401317025159328 5755401317025159328 2] 41825604
[1 3437416573735018505 3437416573735018505 3] 40453420
[1 6185917551594629304 6185917551594629304 2] 35240089
[1 9155751192519472533 9155751192519472533 2] 34120983
[1 1722029683006977194 1722029683006977194 1] 33838487
[1 9159754158668839195 9159754158668839195 1] 33775419
[1 2618618167630672639 2618618167630672639 1] 36106374
[1 4099148554325651570 4099148554325651570 1] 35884429
[1 3238343641129302562 3238343641129302562 1] 33334352
[1 3050426382748096295 3050426382748096295 1] 32853118
[1 4015823473805546899 4015823473805546899 4] 497
[1 6193892421126438851 6193892421126438851 1] 37216437
[1 4510541111714514722 4510541111714514722 1] 577
[1 5229046199357839544 5229046199357839544 1] 38516709
[1 48832448058756721 48832448058756721 1] 37439235
[1 1360065137967046495 1360065137967046495 1] 35064247
[1 6634139786050018099 6634139786050018099 2] 36117464
[1 4788619936662578573 4788619936662578573 1] 34569590
[1 6068184192940086614 6068184192940086614 1] 32560892
[1 2876673555300728176 2876673555300728176 1] 33589559
[1 3825484426898516968 3825484426898516968 1] 35669028
[1 7994315882091944877 7994315882091944877 1] 33259164
[1 8431229861670639890 8431229861670639890 2] 36573922
[1 2011507969556361442 2011507969556361442 3] 34196679
[1 2864272377452065603 2864272377452065603 1] 32876220
[1 3598152335177071450 3598152335177071450 1] 534
[1 8202655399220147698 8202655399220147698 1] 639
[1 3323917135184132368 3323917135184132368 1] 34402387
[1 4797967690028934828 4797967690028934828 1] 36220797
[1 5354268917699786618 5354268917699786618 3] 34825916
[1 4796486870859907895 4796486870859907895 2] 37897581
[1 5485601491826763989 5485601491826763989 1] 37593927
[1 2835083123487432119 2835083123487432119 1] 504
[1 849028205199832660 849028205199832660 1] 36898630
[1 8076977809448368124 8076977809448368124 1] 37086179
[1 5986129245866449318 5986129245866449318 2] 36773982
[1 2064283110255756181 2064283110255756181 1] 36219721
[1 7142060684707465094 7142060684707465094 1] 39253279
[1 2205165417162652025 2205165417162652025 1] 38451281
[1 2120424062882406441 2120424062882406441 1] 38836758
[1 9103212061064693684 9103212061064693684 1] 41219343
[1 1595216937875681042 1595216937875681042 1] 37130997
[1 2424978053906544983 2424978053906544983 2] 39459726
[1 4883405915094461300 4883405915094461300 1] 36303209
[1 8000834349983649866 8000834349983649866 1] 34691884
[1 2022627511747153027 2022627511747153027 1] 37427054
[1 3056935101947936321 3056935101947936321 1] 515
[1 5052597226054880269 5052597226054880269 1] 660
[1 4592078462031078872 4592078462031078872 1] 41009804
[1 6823946754451631503 6823946754451631503 2] 35672733
[1 1424369261892339430 1424369261892339430 1] 35287085
[1 6852174564495416637 6852174564495416637 1] 35592388
[1 8700691002382498920 8700691002382498920 2] 37421769
[1 4844949585521619135 4844949585521619135 1] 38879713
[1 8049069275503338697 8049069275503338697 1] 35077801
[1 7110941327427811963 7110941327427811963 3] 553
[1 4875544784048692535 4875544784048692535 1] 41560478
[1 701494828689885731 701494828689885731 1] 36497262
[1 9022785980070915029 9022785980070915029 1] 38097628
[1 8821501642743306362 8821501642743306362 1] 36951301
[1 7142060684707465094 7142060684707465094 1] 40104289
[1 6066106939692475731 6066106939692475731 1] 481
[1 6998821099070004528 6998821099070004528 1] 36908370
[1 6952490968568682087 6952490968568682087 3] 40219129
[1 1368790009816293228 1368790009816293228 1] 529
[1 4830545170749636423 4830545170749636423 1] 38199388
[1 2198995162393314789 2198995162393314789 1] 38234698
[1 4844949585521619135 4844949585521619135 2] 40089041
[1 2024667237626825566 2024667237626825566 1] 696
[1 4288892856806979704 4288892856806979704 1] 40679544
[1 5631751142733051896 5631751142733051896 1] 42807797
[1 5817082888557953243 5817082888557953243 1] 540
[1 8435826721278301564 8435826721278301564 1] 40000853
[1 6561925948977092120 6561925948977092120 1] 41922448
[1 8085813531550349624 8085813531550349624 1] 42895734
[1 3627835602481942037 3627835602481942037 1] 39564961
[1 2709647364889915335 2709647364889915335 1] 41408182
[1 4027925441411345145 4027925441411345145 1] 601
[1 6130285853796231840 6130285853796231840 1] 42485848
[1 7417242198367371556 7417242198367371556 1] 40622842
[1 3630819551911263507 3630819551911263507 1] 41307491
[1 2331712595250935370 2331712595250935370 2] 43206463
[1 7429286906279962938 7429286906279962938 1] 42946246
[1 7389112309294576947 7389112309294576947 1] 39459957
[1 7748286944495210337 7748286944495210337 1] 40791976
[1 7666600720089571738 7666600720089571738 1] 38568962
[1 731528610936587692 731528610936587692 1] 40036324
[1 925489951527172442 925489951527172442 2] 42155384
[1 6371807650002478135 6371807650002478135 1] 38541875
[1 553647227764677031 553647227764677031 1] 41200665
[1 1202761757499872340 1202761757499872340 1] 622
[1 5425516575798474589 5425516575798474589 1] 41522556
[1 9093069635974834502 9093069635974834502 1] 42332255
[1 3802630639766380902 3802630639766380902 1] 42157425
[1 3152585022778420104 3152585022778420104 3] 638
[1 6848931212267917758 6848931212267917758 1] 41860841
[1 8695833067122986974 8695833067122986974 1] 43701784
[1 3270894045819665068 3270894045819665068 1] 42015846
[1 5150142070296594151 5150142070296594151 1] 44472617
[1 4829806834806069095 4829806834806069095 1] 43163896
[1 2119836625889007683 2119836625889007683 1] 43045955
[1 2667704554060079793 2667704554060079793 2] 523
[1 65281072076987413 65281072076987413 1] 579
[1 6432042097056548521 6432042097056548521 2] 46465712
[1 8881303685028862752 8881303685028862752 1] 43719718
[1 8211504703302327976 8211504703302327976 1] 45611313
[1 297235643465463964 297235643465463964 1] 43864814
[1 1621348943214056335 1621348943214056335 1] 43834323
[1 3242396995744804275 3242396995744804275 1] 45430543
[1 711455819273820196 711455819273820196 3] 43762237
[1 188298230885325765 188298230885325765 4] 771
[1 8629128849052958505 8629128849052958505 1] 47578831
[1 1484018877497371275 1484018877497371275 1] 43680297
[1 977087498677857140 977087498677857140 1] 45771458
[1 7371073606673973570 7371073606673973570 1] 42804810
[1 2203571038549539961 2203571038549539961 1] 43827128
[1 1355927245067212915 1355927245067212915 1] 47670956
[1 2404287123253513670 2404287123253513670 1] 613
[1 5936183028726751227 5936183028726751227 1] 47027521
[1 2707595407263261625 2707595407263261625 1] 46151956
[1 2962545965813180974 2962545965813180974 2] 45160121
[1 830539103387696557 830539103387696557 1] 561
[1 4083624127542346505 4083624127542346505 1] 47651644
[1 3802630639766380902 3802630639766380902 1] 47136684
[1 4592078462031078872 4592078462031078872 1] 648
[1 2399306794801506202 2399306794801506202 1] 48163646
[1 1462016017418150047 1462016017418150047 1] 48410198
[1 5176163379549967172 5176163379549967172 1] 47236522
[1 2534080848504833637 2534080848504833637 1] 531
[1 3005566175882605799 3005566175882605799 1] 50620646
[1 4507991751251991033 4507991751251991033 1] 522
[1 4234631196062076110 4234631196062076110 1] 49319217
[1 8231282189211272819 8231282189211272819 1] 50674720
[1 8440570705697865874 8440570705697865874 1] 544
[1 2924808948485632371 2924808948485632371 1] 51275459
[1 4910815155141359377 4910815155141359377 1] 48062250
[1 8524912434673173885 8524912434673173885 2] 50265782
[1 3304347138197720766 3304347138197720766 1] 51747400
[1 5995556779380115553 5995556779380115553 1] 49499932
[1 9125410194183399692 9125410194183399692 3] 49114194
[1 6498154317312207707 6498154317312207707 1] 46944769
[1 3502860699208845159 3502860699208845159 1] 46843058
[1 5567888328640872059 5567888328640872059 1] 46441306
[1 2915401631087558806 2915401631087558806 1] 49213978
[1 3406049285641662091 3406049285641662091 1] 50504423
[1 854377241408973052 854377241408973052 1] 46501915
[1 4515549523596162363 4515549523596162363 4] 52668685
[1 9109751937899850269 9109751937899850269 1] 48387500
[1 2186660085480521359 2186660085480521359 1] 48508257
[1 7270893361234812399 7270893361234812399 1] 48202546
[1 299017200798257185 299017200798257185 1] 537
[1 2745496139622541367 2745496139622541367 1] 51341360
[1 6988592591068914289 6988592591068914289 1] 49322660
[1 1514311065984797111 1514311065984797111 1] 48481885
[1 8906605091214042257 8906605091214042257 1] 51968770
[1 7417242198367371556 7417242198367371556 2] 623
[1 2671445710972641548 2671445710972641548 1] 51321838
[1 4829806834806069095 4829806834806069095 1] 50288996
[1 5023112104351724990 5023112104351724990 1] 53128269
[1 7782878846569149117 7782878846569149117 1] 50790524
[1 3502860699208845159 3502860699208845159 2] 48278418
[1 8729075079655696675 8729075079655696675 1] 52032535
[1 7277153418303682143 7277153418303682143 2] 49691364
[1 7585031719822000380 7585031719822000380 1] 52420423
[1 1481788766737198972 1481788766737198972 1] 50051018
[1 6293917707834010689 6293917707834010689 1] 53726526
[1 2293484174238985569 2293484174238985569 1] 682
[1 8057109449425627079 8057109449425627079 1] 54146836
[1 7825159402149139298 7825159402149139298 1] 55590584
[1 1719655201069585449 1719655201069585449 2] 52644485
[1 1679722537111951378 1679722537111951378 1] 53994816
[1 7107051289078133239 7107051289078133239 1] 54661891
[1 5176163379549967172 5176163379549967172 2] 1112
[1 369899875924218713 369899875924218713 3] 52336660
[1 9054510321871423520 9054510321871423520 1] 54282351
[1 5156598045724848119 5156598045724848119 2] 51094482
[1 5634701222406357566 5634701222406357566 2] 53898835
[1 6224901217148171972 6224901217148171972 2] 509
[1 3497039084822883634 3497039084822883634 1] 51229957
[1 2198995162393314789 2198995162393314789 3] 620
[1 6825092660239306585 6825092660239306585 1] 51372638
[1 3270894045819665068 3270894045819665068 1] 1156
[1 1112697131771245012 1112697131771245012 1] 57798102
[1 4213876217705015741 4213876217705015741 1] 51523593
[1 8286303654139129812 8286303654139129812 2] 54689047
[1 1868943560598037790 1868943560598037790 1] 53720782
[1 3999027687443862316 3999027687443862316 1] 50430175
[1 4788619936662578573 4788619936662578573 1] 604
[1 114731517879473285 114731517879473285 1] 52500092
[1 9206708276866083935 9206708276866083935 2] 52413500
[1 2892344747450290907 2892344747450290907 2] 52132615
[1 5002909332971130537 5002909332971130537 1] 50580651
[1 8076977809448368124 8076977809448368124 1] 560
[1 775919486064258133 775919486064258133 1] 49210301
[1 6053689969702917488 6053689969702917488 2] 52579359
[1 2352644758032537287 2352644758032537287 2] 52064002
[1 1868943560598037790 1868943560598037790 2] 644
[1 2484143475827320018 2484143475827320018 2] 514
[1 1685563950115180163 1685563950115180163 1] 54367707
[1 640355413593647557 640355413593647557 1] 573
[1 6358881550198303988 6358881550198303988 1] 53837255
[1 3656709039709947928 3656709039709947928 1] 54619589
[1 4598677612609441438 4598677612609441438 1] 54310702
[1 9161447198408683192 9161447198408683192 1] 52759270
[1 1037188281522677829 1037188281522677829 1] 54716074
[1 887217482143545842 887217482143545842 1] 52595465
[1 3329904371916667980 3329904371916667980 1] 54430827
[1 4691797828371083882 4691797828371083882 1] 627
[1 77675868012869460 77675868012869460 3] 56370629
[1 5183065502639933642 5183065502639933642 1] 51012684
[1 2707865817758435094 2707865817758435094 1] 655
[1 4619768906986207789 4619768906986207789 1] 53002700
[1 40550896614921980 40550896614921980 1] 52944344
[1 7524218370580816318 7524218370580816318 1] 51685509
[1 2943745674016115183 2943745674016115183 1] 53743878
[1 851669798651112196 851669798651112196 1] 635
[1 4994256649258671170 4994256649258671170 1] 52583973
[1 9033322316931186340 9033322316931186340 1] 52328231
[1 520355694700881883 520355694700881883 3] 51938004
[1 6809227911032139483 6809227911032139483 1] 50851674
[1 3825484426898516968 3825484426898516968 1] 942
[1 448738971046511240 448738971046511240 1] 50811637
[1 821897560831024675 821897560831024675 1] 53771306
[1 7083641055908053686 7083641055908053686 1] 54518259
[1 1784343078554472971 1784343078554472971 1] 55114725
[1 6988592591068914289 6988592591068914289 2] 53240543
[1 5517704387860377236 5517704387860377236 1] 52244474
[1 4830545170749636423 4830545170749636423 3] 665
[1 9107100044803245231 9107100044803245231 1] 55637622
[1 3331129966409385539 3331129966409385539 1] 55135814
[1 2694620975490347335 2694620975490347335 2] 52287655
[1 5738483285774655655 5738483285774655655 2] 52280186
[1 7417242198367371556 7417242198367371556 1] 1055
[1 2847397965749170361 2847397965749170361 2] 52271994
[1 6219524894227232993 6219524894227232993 1] 51549405
[1 2450391230438655829 2450391230438655829 1] 614
[1 5090690412230748960 5090690412230748960 1] 53511995
[1 4325101186680591916 4325101186680591916 2] 456
[1 9039673018049797119 9039673018049797119 1] 58014022
[1 7163001192955715120 7163001192955715120 1] 52030590
[1 4006701032136859118 4006701032136859118 2] 58242435
[1 4416164380489803148 4416164380489803148 1] 54205710
[1 8948494118479835105 8948494118479835105 1] 51414372
[1 8303006673809129321 8303006673809129321 2] 53264969
[1 3126063492430942254 3126063492430942254 1] 52811329
[1 7564496488149924340 7564496488149924340 1] 490
[1 5975060031912998642 5975060031912998642 1] 53513386
[1 9140656563156484244 9140656563156484244 1] 53323951
[1 2227581384246786948 2227581384246786948 3] 762
[1 2075302754729592905 2075302754729592905 1] 57951941
[1 1741518752561721507 1741518752561721507 1] 56609974
[1 2445597200151824034 2445597200151824034 1] 55790324
[1 6396092073808857316 6396092073808857316 1] 54638635
[1 2697328459904965397 2697328459904965397 1] 54552478
[1 8895313812530479376 8895313812530479376 2] 52916950
[1 1316910468862548730 1316910468862548730 1] 55967413
[1 9201054516347805265 9201054516347805265 1] 54312059
[1 5612618003968310296 5612618003968310296 1] 59180480
[1 1112697131771245012 1112697131771245012 1] 58459950
[1 4598677612609441438 4598677612609441438 1] 57455697
[1 640355413593647557 640355413593647557 1] 551
[1 5919402054297792350 5919402054297792350 1] 59435619
[1 5158319255098233672 5158319255098233672 1] 58993395
[1 7623626577515317157 7623626577515317157 1] 57251659
[1 7226535532866718478 7226535532866718478 1] 58443280
[1 8290420477935558989 8290420477935558989 1] 57892952
[1 8047108103247636484 8047108103247636484 2] 61512091
[1 2190705520526414348 2190705520526414348 1] 59201124
[1 1617354646853111330 1617354646853111330 3] 61029775
[1 6807183106695362544 6807183106695362544 1] 58080831
[1 7719927038521429096 7719927038521429096 1] 57904483
[1 6068184192940086614 6068184192940086614 1] 586
[1 8401736646517406645 8401736646517406645 2] 56852965
[1 1274679893475122304 1274679893475122304 1] 62454101
[1 6995609459367563299 6995609459367563299 2] 60195099
[1 2302148252095421460 2302148252095421460 1] 57707444
[1 2871699088607599468 2871699088607599468 1] 62659253
[1 6793614992034458387 6793614992034458387 1] 56162448
[1 4742956790955389606 4742956790955389606 1] 61242060
[1 8584850086727628660 8584850086727628660 1] 57476370
[1 7107051289078133239 7107051289078133239 1] 479
[1 9039673018049797119 9039673018049797119 1] 61764105
[1 7630961777212479708 7630961777212479708 3] 61017693
[1 7649140836058880732 7649140836058880732 2] 56941906
[1 904291465786160179 904291465786160179 2] 61826854
[1 3790458461428439048 3790458461428439048 2] 61301163
[1 4132717838613903033 4132717838613903033 1] 57312806
[1 3257334401600066761 3257334401600066761 1] 62817029
[1 111986639409544173 111986639409544173 1] 58913775
[1 5713294720880872032 5713294720880872032 1] 61236882
[1 8741617002394861795 8741617002394861795 1] 57148134
[1 5992812464163200218 5992812464163200218 2] 60943037
[1 3479178647540675 3479178647540675 1] 521
[1 9219033274207629755 9219033274207629755 1] 58967970
[1 294687838402359797 294687838402359797 1] 61538685
[1 3576199477594337086 3576199477594337086 1] 57257269
[1 3324821484790830987 3324821484790830987 2] 57046535
[1 7337653061311047378 7337653061311047378 1] 63555059
[1 4952284845271745343 4952284845271745343 2] 59144651
[1 6470314291050459257 6470314291050459257 2] 56747929
[1 3434165369467136106 3434165369467136106 1] 60519200
[1 5853151758892767402 5853151758892767402 2] 538
[1 36391787738415092 36391787738415092 1] 55650861
[1 2899810306460920575 2899810306460920575 1] 644
[1 5856796586792370676 5856796586792370676 2] 56961727
[1 7110941327427811963 7110941327427811963 1] 573
[1 2442603564934016150 2442603564934016150 1] 59844305
[1 3434849488303912113 3434849488303912113 1] 62277568
[1 3824433284295003449 3824433284295003449 1] 61291065
[1 8773717823995883946 8773717823995883946 1] 59552568
[1 8506220195601392202 8506220195601392202 1] 58792520
[1 2892344747450290907 2892344747450290907 1] 537
[1 6072828013524828789 6072828013524828789 2] 59599414
[1 4325101186680591916 4325101186680591916 1] 605
[1 3963780405555593975 3963780405555593975 1] 58276368
[1 6947291374327020254 6947291374327020254 1] 59259165
[1 7192606909766198139 7192606909766198139 1] 492
[1 3421758158474284125 3421758158474284125 1] 62057778
[1 6130285853796231840 6130285853796231840 1] 533
[1 7968193515942194725 7968193515942194725 2] 62885522
[1 6228610415177348754 6228610415177348754 1] 57470122
[1 2909649256619956781 2909649256619956781 1] 60941700
[1 1502971356337680685 1502971356337680685 1] 56844205
[1 4795837028622053780 4795837028622053780 1] 56607132
[1 6811714109323336110 6811714109323336110 4] 57970041
[1 8017012619189238763 8017012619189238763 1] 59695601
[1 2094638813362097761 2094638813362097761 1] 56211060
[1 5186161376900691777 5186161376900691777 1] 62167522
[1 4788619936662578573 4788619936662578573 2] 652
[1 5245276472011599839 5245276472011599839 1] 55952581
[1 4530582022053089711 4530582022053089711 1] 57608736
[1 7209400215156338394 7209400215156338394 1] 604
[1 299017200798257185 299017200798257185 1] 627
[1 2809535363734829494 2809535363734829494 1] 62189905
[1 3508073246722791299 3508073246722791299 1] 60346018
[1 9046082440148743647 9046082440148743647 1] 60569140
[1 4743184509198493894 4743184509198493894 1] 60399031
[1 6152874959732992993 6152874959732992993 2] 59555666
[1 2271192231760207592 2271192231760207592 1] 61091613
[1 1355927245067212915 1355927245067212915 2] 453
[1 2993324094092322340 2993324094092322340 2] 61291112
[1 7277227076104048014 7277227076104048014 1] 63243417
[1 6730373148610255018 6730373148610255018 1] 61160210
[1 397775662200585519 397775662200585519 2] 62832071
[1 4997313911052662930 4997313911052662930 1] 60545078
[1 1475204830145335073 1475204830145335073 1] 60749190
[1 5563637067150146565 5563637067150146565 1] 63824714
[1 1087850222039920906 1087850222039920906 1] 62924651
[1 4071506277419104862 4071506277419104862 1] 66737879
[1 6665512425070606581 6665512425070606581 1] 63751924
[1 8906018768640312417 8906018768640312417 1] 65097667
[1 4594522738215254299 4594522738215254299 1] 65878023
[1 1788970880127796568 1788970880127796568 3] 62012222
[1 6957413696790912050 6957413696790912050 1] 61500899
[1 6483011165066853247 6483011165066853247 3] 63981652
[1 6631718339431367206 6631718339431367206 2] 63090384
[1 335335314115479831 335335314115479831 1] 61220985
[1 4227569262134641950 4227569262134641950 2] 60152378
[1 3329904371916667980 3329904371916667980 1] 570
[1 3925945417100087343 3925945417100087343 1] 61414994
[1 4788619936662578573 4788619936662578573 2] 656
[1 8084824413670812840 8084824413670812840 1] 67993086
[1 8458710659237867155 8458710659237867155 1] 65991975
[1 9054510321871423520 9054510321871423520 1] 501
[1 7241489117792798694 7241489117792798694 1] 63718937
[1 8032569891546678670 8032569891546678670 1] 66164031
[1 7377340775256829599 7377340775256829599 1] 63867784
[1 4511199513148043395 4511199513148043395 1] 64007061
[1 1435050948583479710 1435050948583479710 1] 63494457
[1 7142060684707465094 7142060684707465094 5] 1057
[1 9194976347771214271 9194976347771214271 1] 63764381
[1 2431618116057537903 2431618116057537903 1] 64882387
[1 6664489265182880232 6664489265182880232 1] 64602221
[1 2024667237626825566 2024667237626825566 1] 660
[1 5199495732534580065 5199495732534580065 2] 64691793
[1 8340116489571888788 8340116489571888788 2] 63108623
[1 1788970880127796568 1788970880127796568 2] 62225130
[1 1101469944520475773 1101469944520475773 1] 64764733
[1 1755366071220915218 1755366071220915218 1] 63737388
[1 5113499230984379106 5113499230984379106 1] 66050590
[1 2110101052609698469 2110101052609698469 1] 64003024
[1 4830545170749636423 4830545170749636423 1] 1076
[1 8702737910597480321 8702737910597480321 3] 513
[1 4217357276428323898 4217357276428323898 1] 64047495
[1 4443974152270383595 4443974152270383595 1] 67959895
[1 7390105226064458949 7390105226064458949 1] 65880170
[1 3434849488303912113 3434849488303912113 1] 66906682
[1 1280124495922782730 1280124495922782730 1] 65503808
[1 522771583532745202 522771583532745202 1] 64239463
[1 4163859357572880609 4163859357572880609 1] 535
[1 8028870500415380036 8028870500415380036 1] 65824771
[1 4796486870859907895 4796486870859907895 1] 551
[1 3191879811847961687 3191879811847961687 1] 68620657
[1 4749316374256942570 4749316374256942570 1] 68139014
[1 1891706170930203214 1891706170930203214 1] 67812324
[1 3826047074646187463 3826047074646187463 1] 558
[1 543933806449348227 543933806449348227 1] 637
[1 29921079214527624 29921079214527624 1] 69223133
[1 4515549523596162363 4515549523596162363 1] 609
[1 8640210470192764451 8640210470192764451 1] 69454974
[1 8231282189211272819 8231282189211272819 1] 1015
[1 3097278557190691989 3097278557190691989 1] 68821410
[1 5411303764493347890 5411303764493347890 1] 69464287
[1 8047108103247636484 8047108103247636484 2] 627
[1 342269858167412945 342269858167412945 1] 70881004
[1 2377509707148864449 2377509707148864449 1] 69473677
[1 5150142070296594151 5150142070296594151 2] 635
[1 6196590636962350505 6196590636962350505 1] 69249059
[1 6274974923113311076 6274974923113311076 1] 67616101
[1 1526840581271052831 1526840581271052831 1] 69268295
[1 1384614520731180734 1384614520731180734 1] 66490359
[1 2808983842458694074 2808983842458694074 1] 68017129
[1 1031282830930033232 1031282830930033232 1] 73132665
[1 3150139727457025782 3150139727457025782 1] 65637192
[1 544256298015280032 544256298015280032 1] 67731030
[1 3204742740500971566 3204742740500971566 1] 73385899
[1 7658757590570725030 7658757590570725030 1] 66712887
[1 5906270221093333439 5906270221093333439 1] 68385382
[1 6730373148610255018 6730373148610255018 1] 65401235
[1 2362446847867864768 2362446847867864768 1] 621
[1 5034597417796308126 5034597417796308126 1] 67933698
[1 8085813531550349624 8085813531550349624 3] 591
[1 2349168767032572131 2349168767032572131 2] 64603733
[1 4592078462031078872 4592078462031078872 4] 1126
[1 4629243587587520901 4629243587587520901 2] 66831073
[1 2261283686539655435 2261283686539655435 1] 67648082
[1 1103184697999477454 1103184697999477454 1] 65160514
[1 4321660811287381586 4321660811287381586 1] 65772542
[1 3799277657268820569 3799277657268820569 1] 65907558
[1 6664489265182880232 6664489265182880232 1] 485
[1 4249848043533123569 4249848043533123569 1] 66909095
[1 996947168923568489 996947168923568489 1] 65537100
[1 2970014924169315384 2970014924169315384 1] 64479826
[1 1076864890040550205 1076864890040550205 1] 67425462
[1 6455857719130801806 6455857719130801806 1] 64300048
[1 5446332916249218764 5446332916249218764 1] 65663801
[1 2955393273870831624 2955393273870831624 1] 68910450
[1 2580159281624250760 2580159281624250760 1] 63246082
[1 1318756815940272096 1318756815940272096 1] 64816815
[1 7389112309294576947 7389112309294576947 1] 1125
[1 2721165734662378746 2721165734662378746 1] 63020995
[1 5193715218062818873 5193715218062818873 1] 68846001
[1 2999644334239640793 2999644334239640793 2] 62574331
[1 6100835306159057494 6100835306159057494 1] 64160247
[1 7630961777212479708 7630961777212479708 1] 605
[1 1543887898850393429 1543887898850393429 1] 66975081
[1 6285138670550594995 6285138670550594995 4] 68282424
[1 4884312087414945802 4884312087414945802 1] 67330226
[1 3259398954369100601 3259398954369100601 1] 65606521
[1 8093115015659133524 8093115015659133524 2] 64716776
[1 1543887898850393429 1543887898850393429 2] 66606806
[1 205092897351358335 205092897351358335 1] 68896096
[1 6656343472579607478 6656343472579607478 2] 65066700
[1 7479179471758237266 7479179471758237266 2] 66680071
[1 3638987859048879190 3638987859048879190 2] 68634081
[1 8240847966224240904 8240847966224240904 4] 69878509
[1 2227581384246786948 2227581384246786948 2] 484
[1 7471001823972926267 7471001823972926267 1] 70564595
[1 8443839295280963671 8443839295280963671 1] 69374670
[1 2302148252095421460 2302148252095421460 1] 498
[1 1351868917145964750 1351868917145964750 2] 67645516
[1 5176163379549967172 5176163379549967172 1] 457
[1 3567851492689153317 3567851492689153317 1] 71380692
[1 6970694805512411920 6970694805512411920 1] 625
[1 3512206256895430227 3512206256895430227 1] 72285899
[1 6447852017377275726 6447852017377275726 1] 70507658
[1 8026650620572383166 8026650620572383166 2] 72155431
[1 4894883565925257654 4894883565925257654 3] 73891904
[1 2148273021368384936 2148273021368384936 1] 70344393
[1 3671417039687995345 3671417039687995345 1] 71591001
[1 2024836284654747918 2024836284654747918 1] 69802809
[1 2770034098790348649 2770034098790348649 1] 68340663
[1 9135044734059595341 9135044734059595341 1] 72603609
[1 3092431326763449930 3092431326763449930 1] 68335090
[1 2041583049155452133 2041583049155452133 1] 636
[1 1470276991619237361 1470276991619237361 1] 67317940
[1 313887476461460768 313887476461460768 1] 66162663
[1 441997988737918106 441997988737918106 1] 65190128
[1 1561395186801141250 1561395186801141250 1] 71453279
[1 1533295328824227943 1533295328824227943 1] 74370912
[1 9208144561312451779 9208144561312451779 1] 65515577
[1 9109751937899850269 9109751937899850269 2] 586
[1 4255679778955804022 4255679778955804022 1] 69476309
[1 4443974152270383595 4443974152270383595 2] 71866134
[1 6289361022868453119 6289361022868453119 1] 70907012
[1 5949534324275918437 5949534324275918437 1] 69873782
[1 8906018768640312417 8906018768640312417 2] 635
[1 7692566739954787498 7692566739954787498 2] 70211818
[1 7491207591073272784 7491207591073272784 1] 69708055
[1 2522091130113617153 2522091130113617153 2] 70579264
[1 6657869938086483637 6657869938086483637 2] 70897447
[1 5795587854105836164 5795587854105836164 1] 70196149
[1 2770034098790348649 2770034098790348649 3] 584
[1 9029650295912746411 9029650295912746411 3] 72659402
[1 4749316374256942570 4749316374256942570 3] 72273864
[1 8873060980422328652 8873060980422328652 1] 70933612
[1 4480894472439410185 4480894472439410185 1] 69973401
[1 1202761757499872340 1202761757499872340 1] 524
[1 2866363065180531563 2866363065180531563 1] 70969415
[1 4469429427811302672 4469429427811302672 1] 69570399
[1 8654406042291574900 8654406042291574900 1] 73603386
[1 4675130670665756250 4675130670665756250 1] 73574226
[1 2862858582542621863 2862858582542621863 1] 72768475
[1 7487768116801655111 7487768116801655111 1] 73788277
[1 2442603564934016150 2442603564934016150 1] 610
[1 2001108203458120483 2001108203458120483 1] 71972458
[1 6424814108191600369 6424814108191600369 1] 70976133
[1 3426024833813245083 3426024833813245083 1] 75218433
[1 5112049242184726081 5112049242184726081 2] 74602953
[1 1173467469406603450 1173467469406603450 1] 69992053
[1 4972460922610554802 4972460922610554802 1] 68838102
[1 4523787052968420323 4523787052968420323 1] 71614274
[1 8897896378948097619 8897896378948097619 1] 74800807
[1 5176237346285668561 5176237346285668561 2] 623
[1 1079362370370332398 1079362370370332398 3] 70214142
[1 1304777749071274024 1304777749071274024 1] 621
[1 2640347823228895906 2640347823228895906 1] 74740798
[1 144573006434803742 144573006434803742 1] 516
[1 4796095520997779087 4796095520997779087 1] 70384502
[1 5699295974466790079 5699295974466790079 1] 73681777
[1 618802778769993648 618802778769993648 1] 74904549
[1 3430525619473413775 3430525619473413775 1] 72031635
[1 6638503278368361152 6638503278368361152 1] 74556173
[1 5616340052630965895 5616340052630965895 2] 72213175
[1 4611557402950467221 4611557402950467221 3] 70238040
[1 629131594698002174 629131594698002174 1] 74068991
[1 4875544784048692535 4875544784048692535 1] 461
[1 4339721732549236829 4339721732549236829 2] 73814718
[1 7623626577515317157 7623626577515317157 1] 525
[1 7356680033710609360 7356680033710609360 1] 71267978
[1 8008634270901472590 8008634270901472590 1] 70823877
[1 5563637067150146565 5563637067150146565 1] 624
[1 8765470082552194640 8765470082552194640 1] 70840121
[1 7826093798749016785 7826093798749016785 2] 73928104
[1 1076864890040550205 1076864890040550205 1] 72902793
[1 8543071349802710742 8543071349802710742 1] 71475218
[1 2217930930851837941 2217930930851837941 1] 75051925
[1 8093887035999685548 8093887035999685548 1] 73734244
[1 8575335269814024229 8575335269814024229 2] 73686583
[1 7979013734345743206 7979013734345743206 1] 72007612
[1 3853074717062409413 3853074717062409413 1] 71602864
[1 4908218422316439244 4908218422316439244 1] 75401939
[1 8704891338438740358 8704891338438740358 1] 76457326
[1 4908218422316439244 4908218422316439244 2] 77811601
[1 4210999715183112475 4210999715183112475 1] 75757289
[1 888600872357123427 888600872357123427 1] 76445341
[1 4916865565911048368 4916865565911048368 1] 74933513
[1 3638987859048879190 3638987859048879190 2] 77528331
[1 4949565539873577961 4949565539873577961 1] 77637294
[1 5240987677900084019 5240987677900084019 1] 77397976
[1 3160434451137776463 3160434451137776463 1] 75644098
[1 8367387491580074735 8367387491580074735 3] 76912986
[1 1845369873318132360 1845369873318132360 2] 78389363
[1 4530494524458601054 4530494524458601054 1] 76374172
[1 2546955906569502745 2546955906569502745 1] 76017397
[1 504767463634787139 504767463634787139 1] 79743320
[1 1470276991619237361 1470276991619237361 1] 75060057
[1 150676727232380925 150676727232380925 1] 74952646
[1 6178371375500764752 6178371375500764752 1] 76808507
[1 7117684460415077004 7117684460415077004 3] 80731103
[1 2136068769179469866 2136068769179469866 1] 76347048
[1 2992910557451035901 2992910557451035901 1] 79764940
[1 6090211473226457813 6090211473226457813 1] 78684748
[1 9098173509661804447 9098173509661804447 1] 79347343
[1 4520880928168463360 4520880928168463360 1] 78525459
[1 3724837944139524268 3724837944139524268 1] 79596920
[1 9171125366231070554 9171125366231070554 1] 80244482
[1 9029650295912746411 9029650295912746411 1] 80613718
[1 7330808029863646866 7330808029863646866 1] 79542122
[1 3556233179620876426 3556233179620876426 1] 78548321
[1 1965014802360768919 1965014802360768919 1] 77774100
[1 5610218586101541095 5610218586101541095 2] 82322648
[1 4610669237098947659 4610669237098947659 1] 80318629
[1 7294086201375686215 7294086201375686215 1] 78213996
[1 1029583169355277764 1029583169355277764 1] 79722418
[1 4819324770401948036 4819324770401948036 1] 80861393
[1 4431030876915149588 4431030876915149588 2] 80313884
[1 361658237811842027 361658237811842027 1] 79028065
[1 6280286058229513321 6280286058229513321 1] 81557086
[1 2705165636564318948 2705165636564318948 2] 80714391
[1 3637227036647983196 3637227036647983196 1] 81823415
[1 2288986487371808379 2288986487371808379 1] 80077178
[1 4163486218288176282 4163486218288176282 1] 79919352
[1 2082760966161743724 2082760966161743724 1] 78552015
[1 512159200461975067 512159200461975067 1] 79669865
[1 7484192866421266412 7484192866421266412 1] 81329820
[1 4260911207811803871 4260911207811803871 2] 81754105
[1 840963952609968717 840963952609968717 1] 80026270
[1 3514672766141327913 3514672766141327913 1] 83782625
[1 1956709486075935182 1956709486075935182 1] 79607364
[1 4026167667492247132 4026167667492247132 1] 81492667
[1 1956709486075935182 1956709486075935182 1] 78625761
[1 6682847433855977550 6682847433855977550 2] 77449717
[1 4901815711957342484 4901815711957342484 2] 78227089
[1 5163251913995569150 5163251913995569150 1] 78368936
[1 7412403406067617037 7412403406067617037 1] 82411465
[1 8360568861594232201 8360568861594232201 2] 84949876
[1 8404504272670065355 8404504272670065355 1] 82557119
[1 2038581592236558028 2038581592236558028 1] 81307895
[1 1802986868350068077 1802986868350068077 1] 81225923
[1 8455195263275329777 8455195263275329777 1] 79469119
[1 7049035082461337637 7049035082461337637 1] 83145714
[1 4464995194342796162 4464995194342796162 2] 83851591
[1 5665576757820389230 5665576757820389230 1] 86064536
[1 5730387165405827269 5730387165405827269 1] 84842984
[1 8176547056598315915 8176547056598315915 1] 84256339
[1 2763285430616506303 2763285430616506303 1] 84577830
[1 3556701246172642127 3556701246172642127 1] 83907354
[1 93132523453332553 93132523453332553 1] 85259398
[1 1789268876262328778 1789268876262328778 1] 87327348
[1 3933515308631745651 3933515308631745651 1] 84846397
[1 8951147021172630106 8951147021172630106 1] 88501668
[1 2583917980235004229 2583917980235004229 1] 86925768
[1 1170736785469112209 1170736785469112209 2] 85938230
[1 915427633219461400 915427633219461400 1] 87490756
[1 4395173901170892900 4395173901170892900 1] 87593375
[1 1566374045693788310 1566374045693788310 1] 88397483
[1 5777735250556582592 5777735250556582592 1] 86289596
[1 7703723604287054865 7703723604287054865 1] 90095571
[1 1016212156358144803 1016212156358144803 1] 90312786
[1 2960838726459999840 2960838726459999840 2] 88457059
[1 5730387165405827269 5730387165405827269 1] 91587941
[1 8717420757673826743 8717420757673826743 1] 90066745
[1 5677371386359276922 5677371386359276922 1] 90938636
[1 2816566736651550732 2816566736651550732 1] 90152367
[1 3639492139313363097 3639492139313363097 1] 92001433
[1 1870497901400749275 1870497901400749275 1] 91016295
[1 3295699291128281332 3295699291128281332 2] 89993088
[1 186787772154440563 186787772154440563 1] 91975307
[1 4259519265539443097 4259519265539443097 1] 88115220
[1 3004671779203231137 3004671779203231137 1] 93222374
[1 4275472916801887706 4275472916801887706 1] 92611653
[1 8217084621634841283 8217084621634841283 1] 88696719
[1 2589443437537272640 2589443437537272640 1] 92094753
[1 999954815160071186 999954815160071186 2] 90411035
[1 3654003055741447428 3654003055741447428 2] 87592876
[1 6683134568375248153 6683134568375248153 1] 90200381
[1 8676767077441540935 8676767077441540935 1] 88887585
[1 4566924231585898842 4566924231585898842 1] 90415476
[1 1724557532114747121 1724557532114747121 1] 93108428
[1 2554463751533396512 2554463751533396512 3] 92706681
[1 5389648916750988086 5389648916750988086 1] 93021868
[1 3918068009093923098 3918068009093923098 2] 91594996
[1 5849526723783283818 5849526723783283818 1] 94138004
[1 2224468360661323251 2224468360661323251 2] 94674416
[1 5368105687570560299 5368105687570560299 1] 94937794
[1 7205126223695375828 7205126223695375828 1] 94206558
[1 7424797682349399360 7424797682349399360 1] 96255336
[1 3601876848638851362 3601876848638851362 1] 97553361

Prio stats: 779 171 40 7 3 0 0 0 0 0 0 0 0 0 0 0 
Results: 100.00 52045404
